0.874 1.494 1.386 1.417 1.468 0.874 1.484 0.648 0.651 1.702 0.817 0.963 1.174 1.407 1.696 0.714
0.744 1.494 1.386 1.417 1.468 0.874 1.484 0.648 0.651 1.702 0.817 0.963 1.174 1.407 1.696 0.668
0.497 1.494 1.386 1.417 1.468 0.874 1.484 0.648 0.651 1.702 0.817 0.963 1.174 1.407 1.696 1.633
0.808 1.494 1.386 1.417 1.468 0.874 1.484 0.648 0.651 1.702 0.817 0.963 1.174 1.407 1.696 1.192
1.506 1.494 1.386 1.417 1.468 0.874 1.484 0.648 0.651 1.702 0.817 0.963 1.174 1.407 1.696 0.868
0.996 1.494 1.386 1.417 1.468 0.874 1.484 0.648 0.651 1.702 0.817 0.963 1.174 1.407 1.696 0.908
1.774 1.494 1.386 1.417 1.468 0.874 1.484 0.648 0.651 1.702 0.817 0.963 1.174 1.407 1.696 0.78
1.274 1.494 1.386 1.417 1.468 0.874 1.484 0.648 0.651 1.702 0.817 0.963 1.174 1.407 1.696 1.32
1.446 1.494 1.386 1.417 1.468 0.874 1.484 0.648 0.651 1.702 0.817 0.963 1.174 1.407 1.696 1.102
0.891 1.494 1.386 1.417 1.468 0.874 1.484 0.648 0.651 1.702 0.817 0.963 1.174 1.407 1.696 1.377
1.588 1.494 1.386 1.417 1.468 0.874 1.484 0.648 0.651 1.702 0.817 0.963 1.174 1.407 1.696 1.004
1.588 1.494 1.386 1.417 1.468 0.874 1.484 0.648 0.651 1.702 0.817 0.963 1.174 1.407 1.696 1.212
1.453 1.494 1.386 1.417 1.468 0.874 1.484 0.648 0.651 1.702 0.817 0.963 1.174 1.407 1.696 1.705
0.434 1.494 1.386 1.417 1.468 0.874 1.484 0.648 0.651 1.702 0.817 0.963 1.174 1.407 1.696 1.324
1.782 1.494 1.386 1.417 1.468 0.874 1.484 0.648 0.651 1.702 0.817 0.963 1.174 1.407 1.696 1.275
0.427 1.494 1.386 1.417 1.468 0.874 1.484 0.648 0.651 1.702 0.817 0.963 1.174 1.407 1.696 1.771
1.932 1.494 1.386 1.417 1.468 0.874 1.484 0.648 0.651 1.702 0.817 0.963 1.174 1.407 1.696 1.53
1.497 1.494 1.386 1.417 1.468 0.874 1.484 0.648 0.651 1.702 0.817 0.963 1.174 1.407 1.696 1.767
1.342 1.494 1.386 1.417 1.468 0.874 1.484 0.648 0.651 1.702 0.817 0.963 1.174 1.407 1.696 0.66
0.943 1.494 1.386 1.417 1.468 0.874 1.484 0.648 0.651 1.702 0.817 0.963 1.174 1.407 1.696 1.557
0.625 1.494 1.386 1.417 1.468 0.874 1.484 0.648 0.651 1.702 0.817 0.963 1.174 1.407 1.696 1.879
0.54 1.494 1.386 1.417 1.468 0.874 1.484 0.648 0.651 1.702 0.817 0.963 1.174 1.407 1.696 1.55
1.006 1.494 1.386 1.417 1.468 0.874 1.484 0.648 0.651 1.702 0.817 0.963 1.174 1.407 1.696 1.875
1.509 1.494 1.386 1.417 1.468 0.874 1.484 0.648 0.651 1.702 0.817 0.963 1.174 1.407 1.696 1.195
0.867 1.494 1.386 1.417 1.468 0.874 1.484 0.648 0.651 1.702 0.817 0.963 1.174 1.407 1.696 1.839
1.155 1.494 1.386 1.417 1.468 0.874 1.484 0.648 0.651 1.702 0.817 0.963 1.174 1.407 1.696 1.614
1.016 1.494 1.386 1.417 1.468 0.874 1.484 0.648 0.651 1.702 0.817 0.963 1.174 1.407 1.696 1.575
1.551 1.494 1.386 1.417 1.468 0.874 1.484 0.648 0.651 1.702 0.817 0.963 1.174 1.407 1.696 0.915
1.539 1.494 1.386 1.417 1.468 0.874 1.484 0.648 0.651 1.702 0.817 0.963 1.174 1.407 1.696 1.727
0.868 1.494 1.386 1.417 1.468 0.874 1.484 0.648 0.651 1.702 0.817 0.963 1.174 1.407 1.696 1.055
1.485 1.494 1.386 1.417 1.468 0.874 1.484 0.648 0.651 1.702 0.817 0.963 1.174 1.407 1.696 0.664
1.551 1.494 1.386 1.417 1.468 0.874 1.484 0.648 0.651 1.702 0.817 0.963 1.174 1.407 1.696 0.646
1.633 1.494 1.386 1.417 1.468 0.874 1.484 0.648 0.651 1.702 0.817 0.963 1.174 1.407 1.696 0.781
1.192 1.494 1.386 1.417 1.468 0.874 1.484 0.648 0.651 1.702 0.817 0.963 1.174 1.407 1.696 1.005
1.406 1.494 1.386 1.417 1.468 0.874 1.484 0.648 0.651 1.702 0.817 0.963 1.174 1.407 1.696 1.654
1.364 1.494 1.386 1.417 1.468 0.874 1.484 0.648 0.651 1.702 0.817 0.963 1.174 1.407 1.696 1.416
1.887 1.494 1.386 1.417 1.468 0.874 1.484 0.648 0.651 1.702 0.817 0.963 1.174 1.407 1.696 0.65
1.036 1.494 1.386 1.417 1.468 0.874 1.484 0.648 0.651 1.702 0.817 0.963 1.174 1.407 1.696 1.803
1.55 1.494 1.386 1.417 1.468 0.874 1.484 0.648 0.651 1.702 0.817 0.963 1.174 1.407 1.696 1.536
1.347 1.494 1.386 1.417 1.468 0.874 1.484 0.648 0.651 1.702 0.817 0.963 1.174 1.407 1.696 1.691
1.414 1.494 1.386 1.417 1.468 0.874 1.484 0.648 0.651 1.702 0.817 0.963 1.174 1.407 1.696 0.859
0.963 1.494 1.386 1.417 1.468 0.874 1.484 0.648 0.651 1.702 0.817 0.963 1.174 1.407 1.696 1.439
1.227 1.494 1.386 1.417 1.468 0.874 1.484 0.648 0.651 1.702 0.817 0.963 1.174 1.407 1.696 0.809
1.295 1.494 1.386 1.417 1.468 0.874 1.484 0.648 0.651 1.702 0.817 0.963 1.174 1.407 1.696 1.154
1.541 1.494 1.386 1.417 1.468 0.874 1.484 0.648 0.651 1.702 0.817 0.963 1.174 1.407 1.696 1.482
1.913 1.494 1.386 1.417 1.468 0.874 1.484 0.648 0.651 1.702 0.817 0.963 1.174 1.407 1.696 0.386
0.91 1.494 1.386 1.417 1.468 0.874 1.484 0.648 0.651 1.702 0.817 0.963 1.174 1.407 1.696 0.853
0.614 1.494 1.386 1.417 1.468 0.874 1.484 0.648 0.651 1.702 0.817 0.963 1.174 1.407 1.696 1.496
1.051 1.494 1.386 1.417 1.468 0.874 1.484 0.648 0.651 1.702 0.817 0.963 1.174 1.407 1.696 1.162
1.731 1.494 1.386 1.417 1.468 0.874 1.484 0.648 0.651 1.702 0.817 0.963 1.174 1.407 1.696 0.764
0.498 1.494 1.386 1.417 1.468 0.874 1.484 0.648 0.651 1.702 0.817 0.963 1.174 1.407 1.696 1.451
1.387 1.494 1.386 1.417 1.468 0.874 1.484 0.648 0.651 1.702 0.817 0.963 1.174 1.407 1.696 1.231
0.896 1.494 1.386 1.417 1.468 0.874 1.484 0.648 0.651 1.702 0.817 0.963 1.174 1.407 1.696 1.728
1.188 1.494 1.386 1.417 1.468 0.874 1.484 0.648 0.651 1.702 0.817 0.963 1.174 1.407 1.696 1.142
1.432 1.494 1.386 1.417 1.468 0.874 1.484 0.648 0.651 1.702 0.817 0.963 1.174 1.407 1.696 1.965
1.111 1.494 1.386 1.417 1.468 0.874 1.484 0.648 0.651 1.702 0.817 0.963 1.174 1.407 1.696 1.403
1.55 1.494 1.386 1.417 1.468 0.874 1.484 0.648 0.651 1.702 0.817 0.963 1.174 1.407 1.696 0.743
1.526 1.494 1.386 1.417 1.468 0.874 1.484 0.648 0.651 1.702 0.817 0.963 1.174 1.407 1.696 1.18
0.864 1.494 1.386 1.417 1.468 0.874 1.484 0.648 0.651 1.702 0.817 0.963 1.174 1.407 1.696 0.654
1.354 1.494 1.386 1.417 1.468 0.874 1.484 0.648 0.651 1.702 0.817 0.963 1.174 1.407 1.696 1.595
1.148 1.494 1.386 1.417 1.468 0.874 1.484 0.648 0.651 1.702 0.817 0.963 1.174 1.407 1.696 1.05
0.767 1.494 1.386 1.417 1.468 0.874 1.484 0.648 0.651 1.702 0.817 0.963 1.174 1.407 1.696 0.657
1.699 1.494 1.386 1.417 1.468 0.874 1.484 0.648 0.651 1.702 0.817 0.963 1.174 1.407 1.696 1.003
1.518 1.494 1.386 1.417 1.468 0.874 1.484 0.648 0.651 1.702 0.817 0.963 1.174 1.407 1.696 1.921
1.672 1.494 1.386 1.417 1.468 0.874 1.484 0.648 0.651 1.702 0.817 0.963 1.174 1.407 1.696 0.953
1.825 1.494 1.386 1.417 1.468 0.874 1.484 0.648 0.651 1.702 0.817 0.963 1.174 1.407 1.696 0.919
0.718 1.494 1.386 1.417 1.468 0.874 1.484 0.648 0.651 1.702 0.817 0.963 1.174 1.407 1.696 0.776
0.519 1.494 1.386 1.417 1.468 0.874 1.484 0.648 0.651 1.702 0.817 0.963 1.174 1.407 1.696 1.435
0.67 1.494 1.386 1.417 1.468 0.874 1.484 0.648 0.651 1.702 0.817 0.963 1.174 1.407 1.696 1.719
1.15 1.494 1.386 1.417 1.468 0.874 1.484 0.648 0.651 1.702 0.817 0.963 1.174 1.407 1.696 1.956
1.353 1.494 1.386 1.417 1.468 0.874 1.484 0.648 0.651 1.702 0.817 0.963 1.174 1.407 1.696 1.482
1.353 1.494 1.386 1.417 1.468 0.874 1.484 0.648 0.651 1.702 0.817 0.963 1.174 1.407 1.696 1.646
1.252 1.494 1.386 1.417 1.468 0.874 1.484 0.648 0.651 1.702 0.817 0.963 1.174 1.407 1.696 0.628
1.532 1.494 1.386 1.417 1.468 0.874 1.484 0.648 0.651 1.702 0.817 0.963 1.174 1.407 1.696 1.848
1.061 1.494 1.386 1.417 1.468 0.874 1.484 0.648 0.651 1.702 0.817 0.963 1.174 1.407 1.696 0.872
1.077 1.494 1.386 1.417 1.468 0.874 1.484 0.648 0.651 1.702 0.817 0.963 1.174 1.407 1.696 1.551
1.619 1.494 1.386 1.417 1.468 0.874 1.484 0.648 0.651 1.702 0.817 0.963 1.174 1.407 1.696 1.471
0.951 1.494 1.386 1.417 1.468 0.874 1.484 0.648 0.651 1.702 0.817 0.963 1.174 1.407 1.696 1.621
0.721 1.494 1.386 1.417 1.468 0.874 1.484 0.648 0.651 1.702 0.817 0.963 1.174 1.407 1.696 1.117
1.3 1.494 1.386 1.417 1.468 0.874 1.484 0.648 0.651 1.702 0.817 0.963 1.174 1.407 1.696 1.526
0.667 1.494 1.386 1.417 1.468 0.874 1.484 0.648 0.651 1.702 0.817 0.963 1.174 1.407 1.696 1.674
0.885 1.494 1.386 1.417 1.468 0.874 1.484 0.648 0.651 1.702 0.817 0.963 1.174 1.407 1.696 1.604
1.385 1.494 1.386 1.417 1.468 0.874 1.484 0.648 0.651 1.702 0.817 0.963 1.174 1.407 1.696 1.672
0.5 1.494 1.386 1.417 1.468 0.874 1.484 0.648 0.651 1.702 0.817 0.963 1.174 1.407 1.696 0.784
0.635 1.494 1.386 1.417 1.468 0.874 1.484 0.648 0.651 1.702 0.817 0.963 1.174 1.407 1.696 1.469
0.541 1.494 1.386 1.417 1.468 0.874 1.484 0.648 0.651 1.702 0.817 0.963 1.174 1.407 1.696 1.278
1.151 1.494 1.386 1.417 1.468 0.874 1.484 0.648 0.651 1.702 0.817 0.963 1.174 1.407 1.696 0.918
0.878 1.494 1.386 1.417 1.468 0.874 1.484 0.648 0.651 1.702 0.817 0.963 1.174 1.407 1.696 1.968
1.434 1.494 1.386 1.417 1.468 0.874 1.484 0.648 0.651 1.702 0.817 0.963 1.174 1.407 1.696 0.384
1.528 1.494 1.386 1.417 1.468 0.874 1.484 0.648 0.651 1.702 0.817 0.963 1.174 1.407 1.696 0.891
0.535 1.494 1.386 1.417 1.468 0.874 1.484 0.648 0.651 1.702 0.817 0.963 1.174 1.407 1.696 1.066
1.179 1.494 1.386 1.417 1.468 0.874 1.484 0.648 0.651 1.702 0.817 0.963 1.174 1.407 1.696 1.642
1.173 1.494 1.386 1.417 1.468 0.874 1.484 0.648 0.651 1.702 0.817 0.963 1.174 1.407 1.696 1.498
1.726 1.494 1.386 1.417 1.468 0.874 1.484 0.648 0.651 1.702 0.817 0.963 1.174 1.407 1.696 1.559
0.602 1.494 1.386 1.417 1.468 0.874 1.484 0.648 0.651 1.702 0.817 0.963 1.174 1.407 1.696 1.287
1.402 1.494 1.386 1.417 1.468 0.874 1.484 0.648 0.651 1.702 0.817 0.963 1.174 1.407 1.696 1.47
0.356 1.494 1.386 1.417 1.468 0.874 1.484 0.648 0.651 1.702 0.817 0.963 1.174 1.407 1.696 1.65
1.694 1.494 1.386 1.417 1.468 0.874 1.484 0.648 0.651 1.702 0.817 0.963 1.174 1.407 1.696 1.24
0.896 1.494 1.386 1.417 1.468 0.874 1.484 0.648 0.651 1.702 0.817 0.963 1.174 1.407 1.696 0.469
0.724 1.494 1.386 1.417 1.468 0.874 1.484 0.648 0.651 1.702 0.817 0.963 1.174 1.407 1.696 1.529
1.664 1.494 1.386 1.417 1.468 0.874 1.484 0.648 0.651 1.702 0.817 0.963 1.174 1.407 1.696 1.677
0.469 1.494 1.386 1.417 1.468 0.874 1.484 0.648 0.651 1.702 0.817 0.963 1.174 1.407 1.696 0.744
0.721 1.494 1.386 1.417 1.468 0.874 1.484 0.648 0.651 1.702 0.817 0.963 1.174 1.407 1.696 1.377
0.447 1.494 1.386 1.417 1.468 0.874 1.484 0.648 0.651 1.702 0.817 0.963 1.174 1.407 1.696 1.53
1.652 1.494 1.386 1.417 1.468 0.874 1.484 0.648 0.651 1.702 0.817 0.963 1.174 1.407 1.696 0.63
1.976 1.494 1.386 1.417 1.468 0.874 1.484 0.648 0.651 1.702 0.817 0.963 1.174 1.407 1.696 1.061
1.722 1.494 1.386 1.417 1.468 0.874 1.484 0.648 0.651 1.702 0.817 0.963 1.174 1.407 1.696 0.432
0.9 1.494 1.386 1.417 1.468 0.874 1.484 0.648 0.651 1.702 0.817 0.963 1.174 1.407 1.696 1.203
1.369 1.494 1.386 1.417 1.468 0.874 1.484 0.648 0.651 1.702 0.817 0.963 1.174 1.407 1.696 1.367
0.515 1.494 1.386 1.417 1.468 0.874 1.484 0.648 0.651 1.702 0.817 0.963 1.174 1.407 1.696 0.934
1.539 1.494 1.386 1.417 1.468 0.874 1.484 0.648 0.651 1.702 0.817 0.963 1.174 1.407 1.696 0.882
1.463 1.494 1.386 1.417 1.468 0.874 1.484 0.648 0.651 1.702 0.817 0.963 1.174 1.407 1.696 0.646
1.133 1.494 1.386 1.417 1.468 0.874 1.484 0.648 0.651 1.702 0.817 0.963 1.174 1.407 1.696 1.064
1.449 1.494 1.386 1.417 1.468 0.874 1.484 0.648 0.651 1.702 0.817 0.963 1.174 1.407 1.696 1.706
1.408 1.494 1.386 1.417 1.468 0.874 1.484 0.648 0.651 1.702 0.817 0.963 1.174 1.407 1.696 1.526
1.447 1.494 1.386 1.417 1.468 0.874 1.484 0.648 0.651 1.702 0.817 0.963 1.174 1.407 1.696 1.29
1.4 1.494 1.386 1.417 1.468 0.874 1.484 0.648 0.651 1.702 0.817 0.963 1.174 1.407 1.696 1.327
1.667 1.494 1.386 1.417 1.468 0.874 1.484 0.648 0.651 1.702 0.817 0.963 1.174 1.407 1.696 1.603
1.288 1.494 1.386 1.417 1.468 0.874 1.484 0.648 0.651 1.702 0.817 0.963 1.174 1.407 1.696 0.971
1.165 1.494 1.386 1.417 1.468 0.874 1.484 0.648 0.651 1.702 0.817 0.963 1.174 1.407 1.696 0.796
0.799 1.494 1.386 1.417 1.468 0.874 1.484 0.648 0.651 1.702 0.817 0.963 1.174 1.407 1.696 1.456
1.202 1.494 1.386 1.417 1.468 0.874 1.484 0.648 0.651 1.702 0.817 0.963 1.174 1.407 1.696 1.111
1.862 1.494 1.386 1.417 1.468 0.874 1.484 0.648 0.651 1.702 0.817 0.963 1.174 1.407 1.696 1.38
1.024 1.494 1.386 1.417 1.468 0.874 1.484 0.648 0.651 1.702 0.817 0.963 1.174 1.407 1.696 0.896
1.241 1.494 1.386 1.417 1.468 0.874 1.484 0.648 0.651 1.702 0.817 0.963 1.174 1.407 1.696 1.539
1.219 1.494 1.386 1.417 1.468 0.874 1.484 0.648 0.651 1.702 0.817 0.963 1.174 1.407 1.696 0.585
1.69 1.494 1.386 1.417 1.468 0.874 1.484 0.648 0.651 1.702 0.817 0.963 1.174 1.407 1.696 1.68
0.554 1.494 1.386 1.417 1.468 0.874 1.484 0.648 0.651 1.702 0.817 0.963 1.174 1.407 1.696 1.468
0.516 1.494 1.386 1.417 1.468 0.874 1.484 0.648 0.651 1.702 0.817 0.963 1.174 1.407 1.696 1.424
1.13 1.494 1.386 1.417 1.468 0.874 1.484 0.648 0.651 1.702 0.817 0.963 1.174 1.407 1.696 1.558
1.55 1.494 1.386 1.417 1.468 0.874 1.484 0.648 0.651 1.702 0.817 0.963 1.174 1.407 1.696 1.722
0.473 1.494 1.386 1.417 1.468 0.874 1.484 0.648 0.651 1.702 0.817 0.963 1.174 1.407 1.696 0.599
1.316 1.494 1.386 1.417 1.468 0.874 1.484 0.648 0.651 1.702 0.817 0.963 1.174 1.407 1.696 0.422
0.741 1.494 1.386 1.417 1.468 0.874 1.484 0.648 0.651 1.702 0.817 0.963 1.174 1.407 1.696 1.378
0.346 1.494 1.386 1.417 1.468 0.874 1.484 0.648 0.651 1.702 0.817 0.963 1.174 1.407 1.696 1.34
1.435 1.494 1.386 1.417 1.468 0.874 1.484 0.648 0.651 1.702 0.817 0.963 1.174 1.407 1.696 0.764
1.687 1.494 1.386 1.417 1.468 0.874 1.484 0.648 0.651 1.702 0.817 0.963 1.174 1.407 1.696 1.743
1.519 1.494 1.386 1.417 1.468 0.874 1.484 0.648 0.651 1.702 0.817 0.963 1.174 1.407 1.696 1.272
1.642 1.494 1.386 1.417 1.468 0.874 1.484 0.648 0.651 1.702 0.817 0.963 1.174 1.407 1.696 0.88
1.284 1.494 1.386 1.417 1.468 0.874 1.484 0.648 0.651 1.702 0.817 0.963 1.174 1.407 1.696 1.711
0.62 1.494 1.386 1.417 1.468 0.874 1.484 0.648 0.651 1.702 0.817 0.963 1.174 1.407 1.696 0.703
1.674 1.494 1.386 1.417 1.468 0.874 1.484 0.648 0.651 1.702 0.817 0.963 1.174 1.407 1.696 1.975
1.176 1.494 1.386 1.417 1.468 0.874 1.484 0.648 0.651 1.702 0.817 0.963 1.174 1.407 1.696 1.759
1.431 1.494 1.386 1.417 1.468 0.874 1.484 0.648 0.651 1.702 0.817 0.963 1.174 1.407 1.696 0.931
1.289 1.494 1.386 1.417 1.468 0.874 1.484 0.648 0.651 1.702 0.817 0.963 1.174 1.407 1.696 1.209
0.865 1.494 1.386 1.417 1.468 0.874 1.484 0.648 0.651 1.702 0.817 0.963 1.174 1.407 1.696 1.569
1.703 1.494 1.386 1.417 1.468 0.874 1.484 0.648 0.651 1.702 0.817 0.963 1.174 1.407 1.696 1.265
0.916 1.494 1.386 1.417 1.468 0.874 1.484 0.648 0.651 1.702 0.817 0.963 1.174 1.407 1.696 1.62
0.864 1.494 1.386 1.417 1.468 0.874 1.484 0.648 0.651 1.702 0.817 0.963 1.174 1.407 1.696 0.534
1.132 1.494 1.386 1.417 1.468 0.874 1.484 0.648 0.651 1.702 0.817 0.963 1.174 1.407 1.696 0.908
1.887 1.494 1.386 1.417 1.468 0.874 1.484 0.648 0.651 1.702 0.817 0.963 1.174 1.407 1.696 1.611
1.87 1.494 1.386 1.417 1.468 0.874 1.484 0.648 0.651 1.702 0.817 0.963 1.174 1.407 1.696 1.664
1.727 1.494 1.386 1.417 1.468 0.874 1.484 0.648 0.651 1.702 0.817 0.963 1.174 1.407 1.696 1.731
1.254 1.494 1.386 1.417 1.468 0.874 1.484 0.648 0.651 1.702 0.817 0.963 1.174 1.407 1.696 1.049
1.415 1.494 1.386 1.417 1.468 0.874 1.484 0.648 0.651 1.702 0.817 0.963 1.174 1.407 1.696 1.099
1.361 1.494 1.386 1.417 1.468 0.874 1.484 0.648 0.651 1.702 0.817 0.963 1.174 1.407 1.696 1.773
1.133 1.494 1.386 1.417 1.468 0.874 1.484 0.648 0.651 1.702 0.817 0.963 1.174 1.407 1.696 1.376
0.847 1.494 1.386 1.417 1.468 0.874 1.484 0.648 0.651 1.702 0.817 0.963 1.174 1.407 1.696 0.678
1.451 1.494 1.386 1.417 1.468 0.874 1.484 0.648 0.651 1.702 0.817 0.963 1.174 1.407 1.696 0.571
1.949 1.494 1.386 1.417 1.468 0.874 1.484 0.648 0.651 1.702 0.817 0.963 1.174 1.407 1.696 1.126
1.706 1.494 1.386 1.417 1.468 0.874 1.484 0.648 0.651 1.702 0.817 0.963 1.174 1.407 1.696 0.747
1.603 1.494 1.386 1.417 1.468 0.874 1.484 0.648 0.651 1.702 0.817 0.963 1.174 1.407 1.696 1.433
0.816 1.494 1.386 1.417 1.468 0.874 1.484 0.648 0.651 1.702 0.817 0.963 1.174 1.407 1.696 0.741
0.74 1.494 1.386 1.417 1.468 0.874 1.484 0.648 0.651 1.702 0.817 0.963 1.174 1.407 1.696 1.32
0.646 1.494 1.386 1.417 1.468 0.874 1.484 0.648 0.651 1.702 0.817 0.963 1.174 1.407 1.696 1.599
1.7 1.494 1.386 1.417 1.468 0.874 1.484 0.648 0.651 1.702 0.817 0.963 1.174 1.407 1.696 1.482
0.926 1.494 1.386 1.417 1.468 0.874 1.484 0.648 0.651 1.702 0.817 0.963 1.174 1.407 1.696 1.427
1.539 1.494 1.386 1.417 1.468 0.874 1.484 0.648 0.651 1.702 0.817 0.963 1.174 1.407 1.696 1.83
0.339 1.494 1.386 1.417 1.468 0.874 1.484 0.648 0.651 1.702 0.817 0.963 1.174 1.407 1.696 1.587
1.719 1.494 1.386 1.417 1.468 0.874 1.484 0.648 0.651 1.702 0.817 0.963 1.174 1.407 1.696 1.498
1.081 1.494 1.386 1.417 1.468 0.874 1.484 0.648 0.651 1.702 0.817 0.963 1.174 1.407 1.696 1.845
0.859 1.494 1.386 1.417 1.468 0.874 1.484 0.648 0.651 1.702 0.817 0.963 1.174 1.407 1.696 0.647
0.725 1.494 1.386 1.417 1.468 0.874 1.484 0.648 0.651 1.702 0.817 0.963 1.174 1.407 1.696 1.39
0.532 1.494 1.386 1.417 1.468 0.874 1.484 0.648 0.651 1.702 0.817 0.963 1.174 1.407 1.696 0.515
1.17 1.494 1.386 1.417 1.468 0.874 1.484 0.648 0.651 1.702 0.817 0.963 1.174 1.407 1.696 1.779
0.534 1.494 1.386 1.417 1.468 0.874 1.484 0.648 0.651 1.702 0.817 0.963 1.174 1.407 1.696 0.495
1.523 1.494 1.386 1.417 1.468 0.874 1.484 0.648 0.651 1.702 0.817 0.963 1.174 1.407 1.696 1.097
1.906 1.494 1.386 1.417 1.468 0.874 1.484 0.648 0.651 1.702 0.817 0.963 1.174 1.407 1.696 1.598
1.338 1.494 1.386 1.417 1.468 0.874 1.484 0.648 0.651 1.702 0.817 0.963 1.174 1.407 1.696 1.63
1.319 1.494 1.386 1.417 1.468 0.874 1.484 0.648 0.651 1.702 0.817 0.963 1.174 1.407 1.696 1.065
1.714 1.494 1.386 1.417 1.468 0.874 1.484 0.648 0.651 1.702 0.817 0.963 1.174 1.407 1.696 1.601
1.741 1.494 1.386 1.417 1.468 0.874 1.484 0.648 0.651 1.702 0.817 0.963 1.174 1.407 1.696 0.517
1.691 1.494 1.386 1.417 1.468 0.874 1.484 0.648 0.651 1.702 0.817 0.963 1.174 1.407 1.696 1.477
0.682 1.494 1.386 1.417 1.468 0.874 1.484 0.648 0.651 1.702 0.817 0.963 1.174 1.407 1.696 1.176
1.459 1.494 1.386 1.417 1.468 0.874 1.484 0.648 0.651 1.702 0.817 0.963 1.174 1.407 1.696 1.992
0.69 1.494 1.386 1.417 1.468 0.874 1.484 0.648 0.651 1.702 0.817 0.963 1.174 1.407 1.696 1.392
0.647 1.494 1.386 1.417 1.468 0.874 1.484 0.648 0.651 1.702 0.817 0.963 1.174 1.407 1.696 0.983
1.472 1.494 1.386 1.417 1.468 0.874 1.484 0.648 0.651 1.702 0.817 0.963 1.174 1.407 1.696 1.998
1.419 1.494 1.386 1.417 1.468 0.874 1.484 0.648 0.651 1.702 0.817 0.963 1.174 1.407 1.696 0.568
1.948 1.494 1.386 1.417 1.468 0.874 1.484 0.648 0.651 1.702 0.817 0.963 1.174 1.407 1.696 1.649
1.04 1.494 1.386 1.417 1.468 0.874 1.484 0.648 0.651 1.702 0.817 0.963 1.174 1.407 1.696 1.533
0.705 1.494 1.386 1.417 1.468 0.874 1.484 0.648 0.651 1.702 0.817 0.963 1.174 1.407 1.696 0.489
0.888 1.494 1.386 1.417 1.468 0.874 1.484 0.648 0.651 1.702 0.817 0.963 1.174 1.407 1.696 1.542
1.545 1.494 1.386 1.417 1.468 0.874 1.484 0.648 0.651 1.702 0.817 0.963 1.174 1.407 1.696 0.701
1.002 1.494 1.386 1.417 1.468 0.874 1.484 0.648 0.651 1.702 0.817 0.963 1.174 1.407 1.696 0.848
0.681 1.494 1.386 1.417 1.468 0.874 1.484 0.648 0.651 1.702 0.817 0.963 1.174 1.407 1.696 0.752
1.889 1.494 1.386 1.417 1.468 0.874 1.484 0.648 0.651 1.702 0.817 0.963 1.174 1.407 1.696 1.02
1.54 1.494 1.386 1.417 1.468 0.874 1.484 0.648 0.651 1.702 0.817 0.963 1.174 1.407 1.696 1.194
1.446 1.494 1.386 1.417 1.468 0.874 1.484 0.648 0.651 1.702 0.817 0.963 1.174 1.407 1.696 1.414
1.65 1.494 1.386 1.417 1.468 0.874 1.484 0.648 0.651 1.702 0.817 0.963 1.174 1.407 1.696 1.465
1.907 1.494 1.386 1.417 1.468 0.874 1.484 0.648 0.651 1.702 0.817 0.963 1.174 1.407 1.696 0.39
0.542 1.494 1.386 1.417 1.468 0.874 1.484 0.648 0.651 1.702 0.817 0.963 1.174 1.407 1.696 0.503
1.853 1.494 1.386 1.417 1.468 0.874 1.484 0.648 0.651 1.702 0.817 0.963 1.174 1.407 1.696 1.239
0.544 1.494 1.386 1.417 1.468 0.874 1.484 0.648 0.651 1.702 0.817 0.963 1.174 1.407 1.696 1.774
0.819 1.494 1.386 1.417 1.468 0.874 1.484 0.648 0.651 1.702 0.817 0.963 1.174 1.407 1.696 0.873
0.631 1.494 1.386 1.417 1.468 0.874 1.484 0.648 0.651 1.702 0.817 0.963 1.174 1.407 1.696 1.883
1.236 1.494 1.386 1.417 1.468 0.874 1.484 0.648 0.651 1.702 0.817 0.963 1.174 1.407 1.696 1.49
1.528 1.494 1.386 1.417 1.468 0.874 1.484 0.648 0.651 1.702 0.817 0.963 1.174 1.407 1.696 1.606
1.002 1.494 1.386 1.417 1.468 0.874 1.484 0.648 0.651 1.702 0.817 0.963 1.174 1.407 1.696 0.832
1.017 1.494 1.386 1.417 1.468 0.874 1.484 0.648 0.651 1.702 0.817 0.963 1.174 1.407 1.696 0.74
1.345 1.494 1.386 1.417 1.468 0.874 1.484 0.648 0.651 1.702 0.817 0.963 1.174 1.407 1.696 1.449
1.344 1.494 1.386 1.417 1.468 0.874 1.484 0.648 0.651 1.702 0.817 0.963 1.174 1.407 1.696 0.991
0.926 1.494 1.386 1.417 1.468 0.874 1.484 0.648 0.651 1.702 0.817 0.963 1.174 1.407 1.696 0.968
0.814 1.494 1.386 1.417 1.468 0.874 1.484 0.648 0.651 1.702 0.817 0.963 1.174 1.407 1.696 0.506
0.473 1.494 1.386 1.417 1.468 0.874 1.484 0.648 0.651 1.702 0.817 0.963 1.174 1.407 1.696 1.233
0.682 1.494 1.386 1.417 1.468 0.874 1.484 0.648 0.651 1.702 0.817 0.963 1.174 1.407 1.696 1.322
1.139 1.494 1.386 1.417 1.468 0.874 1.484 0.648 0.651 1.702 0.817 0.963 1.174 1.407 1.696 0.738
1.167 1.494 1.386 1.417 1.468 0.874 1.484 0.648 0.651 1.702 0.817 0.963 1.174 1.407 1.696 1.242
1.033 1.494 1.386 1.417 1.468 0.874 1.484 0.648 0.651 1.702 0.817 0.963 1.174 1.407 1.696 1.794
1.8 1.494 1.386 1.417 1.468 0.874 1.484 0.648 0.651 1.702 0.817 0.963 1.174 1.407 1.696 1.684
1.135 1.494 1.386 1.417 1.468 0.874 1.484 0.648 0.651 1.702 0.817 0.963 1.174 1.407 1.696 0.911
1.312 1.494 1.386 1.417 1.468 0.874 1.484 0.648 0.651 1.702 0.817 0.963 1.174 1.407 1.696 1.629
1.509 1.494 1.386 1.417 1.468 0.874 1.484 0.648 0.651 1.702 0.817 0.963 1.174 1.407 1.696 1.439
0.902 1.494 1.386 1.417 1.468 0.874 1.484 0.648 0.651 1.702 0.817 0.963 1.174 1.407 1.696 1.925
1.309 1.494 1.386 1.417 1.468 0.874 1.484 0.648 0.651 1.702 0.817 0.963 1.174 1.407 1.696 1.372
1.715 1.494 1.386 1.417 1.468 0.874 1.484 0.648 0.651 1.702 0.817 0.963 1.174 1.407 1.696 1.428
0.574 1.494 1.386 1.417 1.468 0.874 1.484 0.648 0.651 1.702 0.817 0.963 1.174 1.407 1.696 1.46
0.82 1.494 1.386 1.417 1.468 0.874 1.484 0.648 0.651 1.702 0.817 0.963 1.174 1.407 1.696 1.677
1.389 1.494 1.386 1.417 1.468 0.874 1.484 0.648 0.651 1.702 0.817 0.963 1.174 1.407 1.696 1.703
1.378 1.494 1.386 1.417 1.468 0.874 1.484 0.648 0.651 1.702 0.817 0.963 1.174 1.407 1.696 1.809
0.878 1.494 1.386 1.417 1.468 0.874 1.484 0.648 0.651 1.702 0.817 0.963 1.174 1.407 1.696 1.317
1.353 1.494 1.386 1.417 1.468 0.874 1.484 0.648 0.651 1.702 0.817 0.963 1.174 1.407 1.696 0.847
0.636 1.494 1.386 1.417 1.468 0.874 1.484 0.648 0.651 1.702 0.817 0.963 1.174 1.407 1.696 0.441
1.95 1.494 1.386 1.417 1.468 0.874 1.484 0.648 0.651 1.702 0.817 0.963 1.174 1.407 1.696 1.704
1.777 1.494 1.386 1.417 1.468 0.874 1.484 0.648 0.651 1.702 0.817 0.963 1.174 1.407 1.696 1.277
0.812 1.494 1.386 1.417 1.468 0.874 1.484 0.648 0.651 1.702 0.817 0.963 1.174 1.407 1.696 1.049
1.486 1.494 1.386 1.417 1.468 0.874 1.484 0.648 0.651 1.702 0.817 0.963 1.174 1.407 1.696 0.95
0.952 1.494 1.386 1.417 1.468 0.874 1.484 0.648 0.651 1.702 0.817 0.963 1.174 1.407 1.696 1.157
1.545 1.494 1.386 1.417 1.468 0.874 1.484 0.648 0.651 1.702 0.817 0.963 1.174 1.407 1.696 1.651
1.164 1.494 1.386 1.417 1.468 0.874 1.484 0.648 0.651 1.702 0.817 0.963 1.174 1.407 1.696 1.556
1.29 1.494 1.386 1.417 1.468 0.874 1.484 0.648 0.651 1.702 0.817 0.963 1.174 1.407 1.696 1.108
1.683 1.494 1.386 1.417 1.468 0.874 1.484 0.648 0.651 1.702 0.817 0.963 1.174 1.407 1.696 1.478
0.466 1.494 1.386 1.417 1.468 0.874 1.484 0.648 0.651 1.702 0.817 0.963 1.174 1.407 1.696 1.534
1.192 1.494 1.386 1.417 1.468 0.874 1.484 0.648 0.651 1.702 0.817 0.963 1.174 1.407 1.696 1.503
0.695 1.494 1.386 1.417 1.468 0.874 1.484 0.648 0.651 1.702 0.817 0.963 1.174 1.407 1.696 1.622
0.746 1.494 1.386 1.417 1.468 0.874 1.484 0.648 0.651 1.702 0.817 0.963 1.174 1.407 1.696 1.401
0.641 1.494 1.386 1.417 1.468 0.874 1.484 0.648 0.651 1.702 0.817 0.963 1.174 1.407 1.696 1.378
0.695 1.494 1.386 1.417 1.468 0.874 1.484 0.648 0.651 1.702 0.817 0.963 1.174 1.407 1.696 0.726
1.106 1.494 1.386 1.417 1.468 0.874 1.484 0.648 0.651 1.702 0.817 0.963 1.174 1.407 1.696 0.983
0.514 1.494 1.386 1.417 1.468 0.874 1.484 0.648 0.651 1.702 0.817 0.963 1.174 1.407 1.696 1.053
0.605 1.494 1.386 1.417 1.468 0.874 1.484 0.648 0.651 1.702 0.817 0.963 1.174 1.407 1.696 0.672
1.472 1.494 1.386 1.417 1.468 0.874 1.484 0.648 0.651 1.702 0.817 0.963 1.174 1.407 1.696 1.601
0.915 1.494 1.386 1.417 1.468 0.874 1.484 0.648 0.651 1.702 0.817 0.963 1.174 1.407 1.696 1.713
1.031 1.494 1.386 1.417 1.468 0.874 1.484 0.648 0.651 1.702 0.817 0.963 1.174 1.407 1.696 0.756
1.186 1.494 1.386 1.417 1.468 0.874 1.484 0.648 0.651 1.702 0.817 0.963 1.174 1.407 1.696 1.833
1.37 1.494 1.386 1.417 1.468 0.874 1.484 0.648 0.651 1.702 0.817 0.963 1.174 1.407 1.696 0.994
0.767 1.494 1.386 1.417 1.468 0.874 1.484 0.648 0.651 1.702 0.817 0.963 1.174 1.407 1.696 1.28
0.683 1.494 1.386 1.417 1.468 0.874 1.484 0.648 0.651 1.702 0.817 0.963 1.174 1.407 1.696 1.495
0.464 1.494 1.386 1.417 1.468 0.874 1.484 0.648 0.651 1.702 0.817 0.963 1.174 1.407 1.696 0.514
1.855 1.494 1.386 1.417 1.468 0.874 1.484 0.648 0.651 1.702 0.817 0.963 1.174 1.407 1.696 1.906
1.275 1.494 1.386 1.417 1.468 0.874 1.484 0.648 0.651 1.702 0.817 0.963 1.174 1.407 1.696 1.397
0.721 1.494 1.386 1.417 1.468 0.874 1.484 0.648 0.651 1.702 0.817 0.963 1.174 1.407 1.696 0.551
1.23 1.494 1.386 1.417 1.468 0.874 1.484 0.648 0.651 1.702 0.817 0.963 1.174 1.407 1.696 0.752
1.589 1.494 1.386 1.417 1.468 0.874 1.484 0.648 0.651 1.702 0.817 0.963 1.174 1.407 1.696 1.631
1.711 1.494 1.386 1.417 1.468 0.874 1.484 0.648 0.651 1.702 0.817 0.963 1.174 1.407 1.696 1.353
1.363 1.494 1.386 1.417 1.468 0.874 1.484 0.648 0.651 1.702 0.817 0.963 1.174 1.407 1.696 1.241
1.569 1.494 1.386 1.417 1.468 0.874 1.484 0.648 0.651 1.702 0.817 0.963 1.174 1.407 1.696 1.431
1.532 1.494 1.386 1.417 1.468 0.874 1.484 0.648 0.651 1.702 0.817 0.963 1.174 1.407 1.696 1.601
1.795 1.494 1.386 1.417 1.468 0.874 1.484 0.648 0.651 1.702 0.817 0.963 1.174 1.407 1.696 1.887
1.089 1.494 1.386 1.417 1.468 0.874 1.484 0.648 0.651 1.702 0.817 0.963 1.174 1.407 1.696 0.624
2.04 1.494 1.386 1.417 1.468 0.874 1.484 0.648 0.651 1.702 0.817 0.963 1.174 1.407 1.696 1.439
1.161 1.494 1.386 1.417 1.468 0.874 1.484 0.648 0.651 1.702 0.817 0.963 1.174 1.407 1.696 0.689
0.816 1.494 1.386 1.417 1.468 0.874 1.484 0.648 0.651 1.702 0.817 0.963 1.174 1.407 1.696 1.571
0.832 1.494 1.386 1.417 1.468 0.874 1.484 0.648 0.651 1.702 0.817 0.963 1.174 1.407 1.696 1.299
1.329 1.494 1.386 1.417 1.468 0.874 1.484 0.648 0.651 1.702 0.817 0.963 1.174 1.407 1.696 1.648
1.192 1.494 1.386 1.417 1.468 0.874 1.484 0.648 0.651 1.702 0.817 0.963 1.174 1.407 1.696 1.78
1.226 1.494 1.386 1.417 1.468 0.874 1.484 0.648 0.651 1.702 0.817 0.963 1.174 1.407 1.696 1.539
0.694 1.494 1.386 1.417 1.468 0.874 1.484 0.648 0.651 1.702 0.817 0.963 1.174 1.407 1.696 0.821
1.686 1.494 1.386 1.417 1.468 0.874 1.484 0.648 0.651 1.702 0.817 0.963 1.174 1.407 1.696 0.66
1.315 1.494 1.386 1.417 1.468 0.874 1.484 0.648 0.651 1.702 0.817 0.963 1.174 1.407 1.696 1.448
1.967 1.494 1.386 1.417 1.468 0.874 1.484 0.648 0.651 1.702 0.817 0.963 1.174 1.407 1.696 1.134
1.496 1.494 1.386 1.417 1.468 0.874 1.484 0.648 0.651 1.702 0.817 0.963 1.174 1.407 1.696 1.483
0.991 1.494 1.386 1.417 1.468 0.874 1.484 0.648 0.651 1.702 0.817 0.963 1.174 1.407 1.696 0.643
1.414 1.494 1.386 1.417 1.468 0.874 1.484 0.648 0.651 1.702 0.817 0.963 1.174 1.407 1.696 0.558
2.021 1.494 1.386 1.417 1.468 0.874 1.484 0.648 0.651 1.702 0.817 0.963 1.174 1.407 1.696 1.343
0.909 1.494 1.386 1.417 1.468 0.874 1.484 0.648 0.651 1.702 0.817 0.963 1.174 1.407 1.696 1.178
0.825 1.494 1.386 1.417 1.468 0.874 1.484 0.648 0.651 1.702 0.817 0.963 1.174 1.407 1.696 1.902
1.878 1.494 1.386 1.417 1.468 0.874 1.484 0.648 0.651 1.702 0.817 0.963 1.174 1.407 1.696 1.829
1.322 1.494 1.386 1.417 1.468 0.874 1.484 0.648 0.651 1.702 0.817 0.963 1.174 1.407 1.696 0.721
1.524 1.494 1.386 1.417 1.468 0.874 1.484 0.648 0.651 1.702 0.817 0.963 1.174 1.407 1.696 1.575
1.809 1.494 1.386 1.417 1.468 0.874 1.484 0.648 0.651 1.702 0.817 0.963 1.174 1.407 1.696 1.602
0.585 1.494 1.386 1.417 1.468 0.874 1.484 0.648 0.651 1.702 0.817 0.963 1.174 1.407 1.696 1.624
1.732 1.494 1.386 1.417 1.468 0.874 1.484 0.648 0.651 1.702 0.817 0.963 1.174 1.407 1.696 1.566
1.309 1.494 1.386 1.417 1.468 0.874 1.484 0.648 0.651 1.702 0.817 0.963 1.174 1.407 1.696 1.213
1.772 1.494 1.386 1.417 1.468 0.874 1.484 0.648 0.651 1.702 0.817 0.963 1.174 1.407 1.696 0.73
1.666 1.494 1.386 1.417 1.468 0.874 1.484 0.648 0.651 1.702 0.817 0.963 1.174 1.407 1.696 1.465
1.668 1.494 1.386 1.417 1.468 0.874 1.484 0.648 0.651 1.702 0.817 0.963 1.174 1.407 1.696 1.051
1.586 1.494 1.386 1.417 1.468 0.874 1.484 0.648 0.651 1.702 0.817 0.963 1.174 1.407 1.696 1.232
1.636 1.494 1.386 1.417 1.468 0.874 1.484 0.648 0.651 1.702 0.817 0.963 1.174 1.407 1.696 1.023
1.503 1.494 1.386 1.417 1.468 0.874 1.484 0.648 0.651 1.702 0.817 0.963 1.174 1.407 1.696 0.885
1.48 1.494 1.386 1.417 1.468 0.874 1.484 0.648 0.651 1.702 0.817 0.963 1.174 1.407 1.696 1.842
1.727 1.494 1.386 1.417 1.468 0.874 1.484 0.648 0.651 1.702 0.817 0.963 1.174 1.407 1.696 1.407
1.722 1.494 1.386 1.417 1.468 0.874 1.484 0.648 0.651 1.702 0.817 0.963 1.174 1.407 1.696 0.545
1.628 1.494 1.386 1.417 1.468 0.874 1.484 0.648 0.651 1.702 0.817 0.963 1.174 1.407 1.696 0.605
1.34 1.494 1.386 1.417 1.468 0.874 1.484 0.648 0.651 1.702 0.817 0.963 1.174 1.407 1.696 0.682
0.999 1.494 1.386 1.417 1.468 0.874 1.484 0.648 0.651 1.702 0.817 0.963 1.174 1.407 1.696 1.602
1.601 1.494 1.386 1.417 1.468 0.874 1.484 0.648 0.651 1.702 0.817 0.963 1.174 1.407 1.696 1.469
1.54 1.494 1.386 1.417 1.468 0.874 1.484 0.648 0.651 1.702 0.817 0.963 1.174 1.407 1.696 1.771
1.392 1.494 1.386 1.417 1.468 0.874 1.484 0.648 0.651 1.702 0.817 0.963 1.174 1.407 1.696 0.405
1.202 1.494 1.386 1.417 1.468 0.874 1.484 0.648 0.651 1.702 0.817 0.963 1.174 1.407 1.696 0.782
1.306 1.494 1.386 1.417 1.468 0.874 1.484 0.648 0.651 1.702 0.817 0.963 1.174 1.407 1.696 0.933
0.419 1.494 1.386 1.417 1.468 0.874 1.484 0.648 0.651 1.702 0.817 0.963 1.174 1.407 1.696 1.148
0.841 1.494 1.386 1.417 1.468 0.874 1.484 0.648 0.651 1.702 0.817 0.963 1.174 1.407 1.696 0.838
0.429 1.494 1.386 1.417 1.468 0.874 1.484 0.648 0.651 1.702 0.817 0.963 1.174 1.407 1.696 0.581
0.821 1.494 1.386 1.417 1.468 0.874 1.484 0.648 0.651 1.702 0.817 0.963 1.174 1.407 1.696 1.704
0.745 1.494 1.386 1.417 1.468 0.874 1.484 0.648 0.651 1.702 0.817 0.963 1.174 1.407 1.696 1.501
0.874 1.494 1.386 1.417 1.468 0.874 1.484 0.648 0.651 1.702 0.817 0.963 1.174 1.407 1.696 0.832
1.38 1.494 1.386 1.417 1.468 0.874 1.484 0.648 0.651 1.702 0.817 0.963 1.174 1.407 1.696 1.437
1.572 1.494 1.386 1.417 1.468 0.874 1.484 0.648 0.651 1.702 0.817 0.963 1.174 1.407 1.696 0.768
1.617 1.494 1.386 1.417 1.468 0.874 1.484 0.648 0.651 1.702 0.817 0.963 1.174 1.407 1.696 1.129
0.933 1.494 1.386 1.417 1.468 0.874 1.484 0.648 0.651 1.702 0.817 0.963 1.174 1.407 1.696 1.284
0.508 1.494 1.386 1.417 1.468 0.874 1.484 0.648 0.651 1.702 0.817 0.963 1.174 1.407 1.696 0.835
1.061 1.494 1.386 1.417 1.468 0.874 1.484 0.648 0.651 1.702 0.817 0.963 1.174 1.407 1.696 1.811
1.767 1.494 1.386 1.417 1.468 0.874 1.484 0.648 0.651 1.702 0.817 0.963 1.174 1.407 1.696 0.742
1.273 1.494 1.386 1.417 1.468 0.874 1.484 0.648 0.651 1.702 0.817 0.963 1.174 1.407 1.696 1.397
1.37 1.494 1.386 1.417 1.468 0.874 1.484 0.648 0.651 1.702 0.817 0.963 1.174 1.407 1.696 1.55
1.368 1.494 1.386 1.417 1.468 0.874 1.484 0.648 0.651 1.702 0.817 0.963 1.174 1.407 1.696 1.394
1.194 1.494 1.386 1.417 1.468 0.874 1.484 0.648 0.651 1.702 0.817 0.963 1.174 1.407 1.696 0.439
1.342 1.494 1.386 1.417 1.468 0.874 1.484 0.648 0.651 1.702 0.817 0.963 1.174 1.407 1.696 1.158
1.636 1.494 1.386 1.417 1.468 0.874 1.484 0.648 0.651 1.702 0.817 0.963 1.174 1.407 1.696 1.39
1.237 1.494 1.386 1.417 1.468 0.874 1.484 0.648 0.651 1.702 0.817 0.963 1.174 1.407 1.696 0.365
0.516 1.494 1.386 1.417 1.468 0.874 1.484 0.648 0.651 1.702 0.817 0.963 1.174 1.407 1.696 1.277
0.566 1.494 1.386 1.417 1.468 0.874 1.484 0.648 0.651 1.702 0.817 0.963 1.174 1.407 1.696 1.065
1.791 1.494 1.386 1.417 1.468 0.874 1.484 0.648 0.651 1.702 0.817 0.963 1.174 1.407 1.696 1.423
1.892 1.494 1.386 1.417 1.468 0.874 1.484 0.648 0.651 1.702 0.817 0.963 1.174 1.407 1.696 1.364
1.488 1.494 1.386 1.417 1.468 0.874 1.484 0.648 0.651 1.702 0.817 0.963 1.174 1.407 1.696 1.5
1.381 1.494 1.386 1.417 1.468 0.874 1.484 0.648 0.651 1.702 0.817 0.963 1.174 1.407 1.696 0.939
0.775 1.494 1.386 1.417 1.468 0.874 1.484 0.648 0.651 1.702 0.817 0.963 1.174 1.407 1.696 1.477
1.366 1.494 1.386 1.417 1.468 0.874 1.484 0.648 0.651 1.702 0.817 0.963 1.174 1.407 1.696 1.395
1.476 1.494 1.386 1.417 1.468 0.874 1.484 0.648 0.651 1.702 0.817 0.963 1.174 1.407 1.696 1.62
1.08 1.494 1.386 1.417 1.468 0.874 1.484 0.648 0.651 1.702 0.817 0.963 1.174 1.407 1.696 1.35
1.536 1.494 1.386 1.417 1.468 0.874 1.484 0.648 0.651 1.702 0.817 0.963 1.174 1.407 1.696 1.3
0.998 1.494 1.386 1.417 1.468 0.874 1.484 0.648 0.651 1.702 0.817 0.963 1.174 1.407 1.696 1.145
1.409 1.494 1.386 1.417 1.468 0.874 1.484 0.648 0.651 1.702 0.817 0.963 1.174 1.407 1.696 0.904
0.532 1.494 1.386 1.417 1.468 0.874 1.484 0.648 0.651 1.702 0.817 0.963 1.174 1.407 1.696 1.875
1.984 1.494 1.386 1.417 1.468 0.874 1.484 0.648 0.651 1.702 0.817 0.963 1.174 1.407 1.696 1.768
1.095 1.494 1.386 1.417 1.468 0.874 1.484 0.648 0.651 1.702 0.817 0.963 1.174 1.407 1.696 1.694
0.801 1.494 1.386 1.417 1.468 0.874 1.484 0.648 0.651 1.702 0.817 0.963 1.174 1.407 1.696 0.751
0.858 1.494 1.386 1.417 1.468 0.874 1.484 0.648 0.651 1.702 0.817 0.963 1.174 1.407 1.696 1.642
1.497 1.494 1.386 1.417 1.468 0.874 1.484 0.648 0.651 1.702 0.817 0.963 1.174 1.407 1.696 1.586
1.823 1.494 1.386 1.417 1.468 0.874 1.484 0.648 0.651 1.702 0.817 0.963 1.174 1.407 1.696 1.183
1.355 1.494 1.386 1.417 1.468 0.874 1.484 0.648 0.651 1.702 0.817 0.963 1.174 1.407 1.696 1.808
0.981 1.494 1.386 1.417 1.468 0.874 1.484 0.648 0.651 1.702 0.817 0.963 1.174 1.407 1.696 0.808
1.646 1.494 1.386 1.417 1.468 0.874 1.484 0.648 0.651 1.702 0.817 0.963 1.174 1.407 1.696 0.677
0.438 1.494 1.386 1.417 1.468 0.874 1.484 0.648 0.651 1.702 0.817 0.963 1.174 1.407 1.696 1.338
1.285 1.494 1.386 1.417 1.468 0.874 1.484 0.648 0.651 1.702 0.817 0.963 1.174 1.407 1.696 1.518
1.581 1.494 1.386 1.417 1.468 0.874 1.484 0.648 0.651 1.702 0.817 0.963 1.174 1.407 1.696 1.679
1.46 1.494 1.386 1.417 1.468 0.874 1.484 0.648 0.651 1.702 0.817 0.963 1.174 1.407 1.696 0.515
0.674 1.494 1.386 1.417 1.468 0.874 1.484 0.648 0.651 1.702 0.817 0.963 1.174 1.407 1.696 1.396
1.281 1.494 1.386 1.417 1.468 0.874 1.484 0.648 0.651 1.702 0.817 0.963 1.174 1.407 1.696 0.558
0.849 1.494 1.386 1.417 1.468 0.874 1.484 0.648 0.651 1.702 0.817 0.963 1.174 1.407 1.696 1.333
1.569 1.494 1.386 1.417 1.468 0.874 1.484 0.648 0.651 1.702 0.817 0.963 1.174 1.407 1.696 1.251
1.786 1.494 1.386 1.417 1.468 0.874 1.484 0.648 0.651 1.702 0.817 0.963 1.174 1.407 1.696 1.089
1.426 1.494 1.386 1.417 1.468 0.874 1.484 0.648 0.651 1.702 0.817 0.963 1.174 1.407 1.696 1.739
0.829 1.494 1.386 1.417 1.468 0.874 1.484 0.648 0.651 1.702 0.817 0.963 1.174 1.407 1.696 1.196
1.469 1.494 1.386 1.417 1.468 0.874 1.484 0.648 0.651 1.702 0.817 0.963 1.174 1.407 1.696 1.601
0.811 1.494 1.386 1.417 1.468 0.874 1.484 0.648 0.651 1.702 0.817 0.963 1.174 1.407 1.696 1.258
1.728 1.494 1.386 1.417 1.468 0.874 1.484 0.648 0.651 1.702 0.817 0.963 1.174 1.407 1.696 1.323
1.941 1.494 1.386 1.417 1.468 0.874 1.484 0.648 0.651 1.702 0.817 0.963 1.174 1.407 1.696 1.074
1.488 1.494 1.386 1.417 1.468 0.874 1.484 0.648 0.651 1.702 0.817 0.963 1.174 1.407 1.696 1.079
1.425 1.494 1.386 1.417 1.468 0.874 1.484 0.648 0.651 1.702 0.817 0.963 1.174 1.407 1.696 1.433
0.547 1.494 1.386 1.417 1.468 0.874 1.484 0.648 0.651 1.702 0.817 0.963 1.174 1.407 1.696 1.848
1.377 1.494 1.386 1.417 1.468 0.874 1.484 0.648 0.651 1.702 0.817 0.963 1.174 1.407 1.696 1.501
1.367 1.494 1.386 1.417 1.468 0.874 1.484 0.648 0.651 1.702 0.817 0.963 1.174 1.407 1.696 1.439
0.957 1.494 1.386 1.417 1.468 0.874 1.484 0.648 0.651 1.702 0.817 0.963 1.174 1.407 1.696 1.575
0.676 1.494 1.386 1.417 1.468 0.874 1.484 0.648 0.651 1.702 0.817 0.963 1.174 1.407 1.696 1.516
0.459 1.494 1.386 1.417 1.468 0.874 1.484 0.648 0.651 1.702 0.817 0.963 1.174 1.407 1.696 1.548
1.387 1.494 1.386 1.417 1.468 0.874 1.484 0.648 0.651 1.702 0.817 0.963 1.174 1.407 1.696 0.877
0.599 1.494 1.386 1.417 1.468 0.874 1.484 0.648 0.651 1.702 0.817 0.963 1.174 1.407 1.696 1.252
0.835 1.494 1.386 1.417 1.468 0.874 1.484 0.648 0.651 1.702 0.817 0.963 1.174 1.407 1.696 1.164
1.937 1.494 1.386 1.417 1.468 0.874 1.484 0.648 0.651 1.702 0.817 0.963 1.174 1.407 1.696 0.367
1.486 1.494 1.386 1.417 1.468 0.874 1.484 0.648 0.651 1.702 0.817 0.963 1.174 1.407 1.696 1.498
1.578 1.494 1.386 1.417 1.468 0.874 1.484 0.648 0.651 1.702 0.817 0.963 1.174 1.407 1.696 1.622
1.555 1.494 1.386 1.417 1.468 0.874 1.484 0.648 0.651 1.702 0.817 0.963 1.174 1.407 1.696 1.485
1.109 1.494 1.386 1.417 1.468 0.874 1.484 0.648 0.651 1.702 0.817 0.963 1.174 1.407 1.696 0.432
1.377 1.494 1.386 1.417 1.468 0.874 1.484 0.648 0.651 1.702 0.817 0.963 1.174 1.407 1.696 1.244
0.615 1.494 1.386 1.417 1.468 0.874 1.484 0.648 0.651 1.702 0.817 0.963 1.174 1.407 1.696 1.535
1.432 1.494 1.386 1.417 1.468 0.874 1.484 0.648 0.651 1.702 0.817 0.963 1.174 1.407 1.696 0.405
1.616 1.494 1.386 1.417 1.468 0.874 1.484 0.648 0.651 1.702 0.817 0.963 1.174 1.407 1.696 1.409
1.742 1.494 1.386 1.417 1.468 0.874 1.484 0.648 0.651 1.702 0.817 0.963 1.174 1.407 1.696 1.186
1.458 1.494 1.386 1.417 1.468 0.874 1.484 0.648 0.651 1.702 0.817 0.963 1.174 1.407 1.696 1.113
1.626 1.494 1.386 1.417 1.468 0.874 1.484 0.648 0.651 1.702 0.817 0.963 1.174 1.407 1.696 0.541
1.69 1.494 1.386 1.417 1.468 0.874 1.484 0.648 0.651 1.702 0.817 0.963 1.174 1.407 1.696 1.026
0.706 1.494 1.386 1.417 1.468 0.874 1.484 0.648 0.651 1.702 0.817 0.963 1.174 1.407 1.696 1.614
1.648 1.494 1.386 1.417 1.468 0.874 1.484 0.648 0.651 1.702 0.817 0.963 1.174 1.407 1.696 0.663
1.614 1.494 1.386 1.417 1.468 0.874 1.484 0.648 0.651 1.702 0.817 0.963 1.174 1.407 1.696 0.746
0.764 1.494 1.386 1.417 1.468 0.874 1.484 0.648 0.651 1.702 0.817 0.963 1.174 1.407 1.696 0.927
0.717 1.494 1.386 1.417 1.468 0.874 1.484 0.648 0.651 1.702 0.817 0.963 1.174 1.407 1.696 1.173
1.245 1.494 1.386 1.417 1.468 0.874 1.484 0.648 0.651 1.702 0.817 0.963 1.174 1.407 1.696 0.407
0.942 1.494 1.386 1.417 1.468 0.874 1.484 0.648 0.651 1.702 0.817 0.963 1.174 1.407 1.696 1.363
1.131 1.494 1.386 1.417 1.468 0.874 1.484 0.648 0.651 1.702 0.817 0.963 1.174 1.407 1.696 1.348
1.587 1.494 1.386 1.417 1.468 0.874 1.484 0.648 0.651 1.702 0.817 0.963 1.174 1.407 1.696 1.575
1.69 1.494 1.386 1.417 1.468 0.874 1.484 0.648 0.651 1.702 0.817 0.963 1.174 1.407 1.696 1.423
1.721 1.494 1.386 1.417 1.468 0.874 1.484 0.648 0.651 1.702 0.817 0.963 1.174 1.407 1.696 1.468
0.881 1.494 1.386 1.417 1.468 0.874 1.484 0.648 0.651 1.702 0.817 0.963 1.174 1.407 1.696 0.475
1.488 1.494 1.386 1.417 1.468 0.874 1.484 0.648 0.651 1.702 0.817 0.963 1.174 1.407 1.696 1.721
1.403 1.494 1.386 1.417 1.468 0.874 1.484 0.648 0.651 1.702 0.817 0.963 1.174 1.407 1.696 1.06
1.233 1.494 1.386 1.417 1.468 0.874 1.484 0.648 0.651 1.702 0.817 0.963 1.174 1.407 1.696 1.563
0.819 1.494 1.386 1.417 1.468 0.874 1.484 0.648 0.651 1.702 0.817 0.963 1.174 1.407 1.696 0.929
0.56 1.494 1.386 1.417 1.468 0.874 1.484 0.648 0.651 1.702 0.817 0.963 1.174 1.407 1.696 1.534
0.716 1.494 1.386 1.417 1.468 0.874 1.484 0.648 0.651 1.702 0.817 0.963 1.174 1.407 1.696 0.763
1.788 1.494 1.386 1.417 1.468 0.874 1.484 0.648 0.651 1.702 0.817 0.963 1.174 1.407 1.696 0.978
0.705 1.494 1.386 1.417 1.468 0.874 1.484 0.648 0.651 1.702 0.817 0.963 1.174 1.407 1.696 0.584
1.404 1.494 1.386 1.417 1.468 0.874 1.484 0.648 0.651 1.702 0.817 0.963 1.174 1.407 1.696 1.499
1.889 1.494 1.386 1.417 1.468 0.874 1.484 0.648 0.651 1.702 0.817 0.963 1.174 1.407 1.696 1.789
1.611 1.494 1.386 1.417 1.468 0.874 1.484 0.648 0.651 1.702 0.817 0.963 1.174 1.407 1.696 1.003
1.423 1.494 1.386 1.417 1.468 0.874 1.484 0.648 0.651 1.702 0.817 0.963 1.174 1.407 1.696 1.258
2.062 1.494 1.386 1.417 1.468 0.874 1.484 0.648 0.651 1.702 0.817 0.963 1.174 1.407 1.696 1.903
0.921 1.494 1.386 1.417 1.468 0.874 1.484 0.648 0.651 1.702 0.817 0.963 1.174 1.407 1.696 0.917
1.337 1.494 1.386 1.417 1.468 0.874 1.484 0.648 0.651 1.702 0.817 0.963 1.174 1.407 1.696 1.534
0.813 1.494 1.386 1.417 1.468 0.874 1.484 0.648 0.651 1.702 0.817 0.963 1.174 1.407 1.696 1.566
1.326 1.494 1.386 1.417 1.468 0.874 1.484 0.648 0.651 1.702 0.817 0.963 1.174 1.407 1.696 1.898
1.71 1.494 1.386 1.417 1.468 0.874 1.484 0.648 0.651 1.702 0.817 0.963 1.174 1.407 1.696 1.317
0.625 1.494 1.386 1.417 1.468 0.874 1.484 0.648 0.651 1.702 0.817 0.963 1.174 1.407 1.696 1.529
1.967 1.494 1.386 1.417 1.468 0.874 1.484 0.648 0.651 1.702 0.817 0.963 1.174 1.407 1.696 0.697
0.727 1.494 1.386 1.417 1.468 0.874 1.484 0.648 0.651 1.702 0.817 0.963 1.174 1.407 1.696 0.753
1.348 1.494 1.386 1.417 1.468 0.874 1.484 0.648 0.651 1.702 0.817 0.963 1.174 1.407 1.696 1.893
0.611 1.494 1.386 1.417 1.468 0.874 1.484 0.648 0.651 1.702 0.817 0.963 1.174 1.407 1.696 1.684
0.854 1.494 1.386 1.417 1.468 0.874 1.484 0.648 0.651 1.702 0.817 0.963 1.174 1.407 1.696 1.405
1.391 1.494 1.386 1.417 1.468 0.874 1.484 0.648 0.651 1.702 0.817 0.963 1.174 1.407 1.696 1.068
1.187 1.494 1.386 1.417 1.468 0.874 1.484 0.648 0.651 1.702 0.817 0.963 1.174 1.407 1.696 1.563
0.939 1.494 1.386 1.417 1.468 0.874 1.484 0.648 0.651 1.702 0.817 0.963 1.174 1.407 1.696 0.78
1.617 1.494 1.386 1.417 1.468 0.874 1.484 0.648 0.651 1.702 0.817 0.963 1.174 1.407 1.696 1.752
0.635 1.494 1.386 1.417 1.468 0.874 1.484 0.648 0.651 1.702 0.817 0.963 1.174 1.407 1.696 1.958
0.944 1.494 1.386 1.417 1.468 0.874 1.484 0.648 0.651 1.702 0.817 0.963 1.174 1.407 1.696 1.627
1.473 1.494 1.386 1.417 1.468 0.874 1.484 0.648 0.651 1.702 0.817 0.963 1.174 1.407 1.696 0.597
1.653 1.494 1.386 1.417 1.468 0.874 1.484 0.648 0.651 1.702 0.817 0.963 1.174 1.407 1.696 1.785
1.533 1.494 1.386 1.417 1.468 0.874 1.484 0.648 0.651 1.702 0.817 0.963 1.174 1.407 1.696 1.259
1.498 1.494 1.386 1.417 1.468 0.874 1.484 0.648 0.651 1.702 0.817 0.963 1.174 1.407 1.696 1.188
0.723 1.494 1.386 1.417 1.468 0.874 1.484 0.648 0.651 1.702 0.817 0.963 1.174 1.407 1.696 0.958
1.6 1.494 1.386 1.417 1.468 0.874 1.484 0.648 0.651 1.702 0.817 0.963 1.174 1.407 1.696 0.745
1.219 1.494 1.386 1.417 1.468 0.874 1.484 0.648 0.651 1.702 0.817 0.963 1.174 1.407 1.696 1.102
1.853 1.494 1.386 1.417 1.468 0.874 1.484 0.648 0.651 1.702 0.817 0.963 1.174 1.407 1.696 1.411
0.715 1.494 1.386 1.417 1.468 0.874 1.484 0.648 0.651 1.702 0.817 0.963 1.174 1.407 1.696 1.443
0.639 1.494 1.386 1.417 1.468 0.874 1.484 0.648 0.651 1.702 0.817 0.963 1.174 1.407 1.696 0.894
1.272 1.494 1.386 1.417 1.468 0.874 1.484 0.648 0.651 1.702 0.817 0.963 1.174 1.407 1.696 0.906
1.359 1.494 1.386 1.417 1.468 0.874 1.484 0.648 0.651 1.702 0.817 0.963 1.174 1.407 1.696 1.339
1.548 1.494 1.386 1.417 1.468 0.874 1.484 0.648 0.651 1.702 0.817 0.963 1.174 1.407 1.696 1.669
1.606 1.494 1.386 1.417 1.468 0.874 1.484 0.648 0.651 1.702 0.817 0.963 1.174 1.407 1.696 1.345
1.962 1.494 1.386 1.417 1.468 0.874 1.484 0.648 0.651 1.702 0.817 0.963 1.174 1.407 1.696 0.542
0.515 1.494 1.386 1.417 1.468 0.874 1.484 0.648 0.651 1.702 0.817 0.963 1.174 1.407 1.696 0.678
1.034 1.494 1.386 1.417 1.468 0.874 1.484 0.648 0.651 1.702 0.817 0.963 1.174 1.407 1.696 0.633
1.74 1.494 1.386 1.417 1.468 0.874 1.484 0.648 0.651 1.702 0.817 0.963 1.174 1.407 1.696 1.217
0.506 1.494 1.386 1.417 1.468 0.874 1.484 0.648 0.651 1.702 0.817 0.963 1.174 1.407 1.696 1.823
0.694 1.494 1.386 1.417 1.468 0.874 1.484 0.648 0.651 1.702 0.817 0.963 1.174 1.407 1.696 0.718
1.318 1.494 1.386 1.417 1.468 0.874 1.484 0.648 0.651 1.702 0.817 0.963 1.174 1.407 1.696 0.584
1.339 1.494 1.386 1.417 1.468 0.874 1.484 0.648 0.651 1.702 0.817 0.963 1.174 1.407 1.696 1.501
0.616 1.494 1.386 1.417 1.468 0.874 1.484 0.648 0.651 1.702 0.817 0.963 1.174 1.407 1.696 0.744
1.699 1.494 1.386 1.417 1.468 0.874 1.484 0.648 0.651 1.702 0.817 0.963 1.174 1.407 1.696 1.683
1.57 1.494 1.386 1.417 1.468 0.874 1.484 0.648 0.651 1.702 0.817 0.963 1.174 1.407 1.696 1.615
1.782 1.494 1.386 1.417 1.468 0.874 1.484 0.648 0.651 1.702 0.817 0.963 1.174 1.407 1.696 0.987
1.684 1.494 1.386 1.417 1.468 0.874 1.484 0.648 0.651 1.702 0.817 0.963 1.174 1.407 1.696 1.218
1.854 1.494 1.386 1.417 1.468 0.874 1.484 0.648 0.651 1.702 0.817 0.963 1.174 1.407 1.696 1.639
0.386 1.494 1.386 1.417 1.468 0.874 1.484 0.648 0.651 1.702 0.817 0.963 1.174 1.407 1.696 0.419
0.752 1.494 1.386 1.417 1.468 0.874 1.484 0.648 0.651 1.702 0.817 0.963 1.174 1.407 1.696 1.2
1.356 1.494 1.386 1.417 1.468 0.874 1.484 0.648 0.651 1.702 0.817 0.963 1.174 1.407 1.696 0.473
0.584 1.494 1.386 1.417 1.468 0.874 1.484 0.648 0.651 1.702 0.817 0.963 1.174 1.407 1.696 1.692
1.3 1.494 1.386 1.417 1.468 0.874 1.484 0.648 0.651 1.702 0.817 0.963 1.174 1.407 1.696 1.338
1.598 1.494 1.386 1.417 1.468 0.874 1.484 0.648 0.651 1.702 0.817 0.963 1.174 1.407 1.696 1.594
1.316 1.494 1.386 1.417 1.468 0.874 1.484 0.648 0.651 1.702 0.817 0.963 1.174 1.407 1.696 0.756
1.678 1.494 1.386 1.417 1.468 0.874 1.484 0.648 0.651 1.702 0.817 0.963 1.174 1.407 1.696 1.607
1.331 1.494 1.386 1.417 1.468 0.874 1.484 0.648 0.651 1.702 0.817 0.963 1.174 1.407 1.696 1.458
1.691 1.494 1.386 1.417 1.468 0.874 1.484 0.648 0.651 1.702 0.817 0.963 1.174 1.407 1.696 1.715
1.374 1.494 1.386 1.417 1.468 0.874 1.484 0.648 0.651 1.702 0.817 0.963 1.174 1.407 1.696 0.991
1.035 1.494 1.386 1.417 1.468 0.874 1.484 0.648 0.651 1.702 0.817 0.963 1.174 1.407 1.696 1.852
1.386 1.494 1.386 1.417 1.468 0.874 1.484 0.648 0.651 1.702 0.817 0.963 1.174 1.407 1.696 1.521
1.417 1.494 1.386 1.417 1.468 0.874 1.484 0.648 0.651 1.702 0.817 0.963 1.174 1.407 1.696 1.85
1.343 1.494 1.386 1.417 1.468 0.874 1.484 0.648 0.651 1.702 0.817 0.963 1.174 1.407 1.696 0.808
1.667 1.494 1.386 1.417 1.468 0.874 1.484 0.648 0.651 1.702 0.817 0.963 1.174 1.407 1.696 1.202
1.452 1.494 1.386 1.417 1.468 0.874 1.484 0.648 0.651 1.702 0.817 0.963 1.174 1.407 1.696 1.465
1.454 1.494 1.386 1.417 1.468 0.874 1.484 0.648 0.651 1.702 0.817 0.963 1.174 1.407 1.696 1.533
1.19 1.494 1.386 1.417 1.468 0.874 1.484 0.648 0.651 1.702 0.817 0.963 1.174 1.407 1.696 1.533
1.064 1.494 1.386 1.417 1.468 0.874 1.484 0.648 0.651 1.702 0.817 0.963 1.174 1.407 1.696 1.209
1.38 1.494 1.386 1.417 1.468 0.874 1.484 0.648 0.651 1.702 0.817 0.963 1.174 1.407 1.696 1.318
0.862 1.494 1.386 1.417 1.468 0.874 1.484 0.648 0.651 1.702 0.817 0.963 1.174 1.407 1.696 1.074
1.753 1.494 1.386 1.417 1.468 0.874 1.484 0.648 0.651 1.702 0.817 0.963 1.174 1.407 1.696 1.447
1.899 1.494 1.386 1.417 1.468 0.874 1.484 0.648 0.651 1.702 0.817 0.963 1.174 1.407 1.696 1.762
0.95 1.494 1.386 1.417 1.468 0.874 1.484 0.648 0.651 1.702 0.817 0.963 1.174 1.407 1.696 1.147
1.983 1.494 1.386 1.417 1.468 0.874 1.484 0.648 0.651 1.702 0.817 0.963 1.174 1.407 1.696 1.54
0.766 1.494 1.386 1.417 1.468 0.874 1.484 0.648 0.651 1.702 0.817 0.963 1.174 1.407 1.696 1.508
1.113 1.494 1.386 1.417 1.468 0.874 1.484 0.648 0.651 1.702 0.817 0.963 1.174 1.407 1.696 1.353
1.651 1.494 1.386 1.417 1.468 0.874 1.484 0.648 0.651 1.702 0.817 0.963 1.174 1.407 1.696 1.85
1.609 1.494 1.386 1.417 1.468 0.874 1.484 0.648 0.651 1.702 0.817 0.963 1.174 1.407 1.696 1.377
1.329 1.494 1.386 1.417 1.468 0.874 1.484 0.648 0.651 1.702 0.817 0.963 1.174 1.407 1.696 1.022
0.646 1.494 1.386 1.417 1.468 0.874 1.484 0.648 0.651 1.702 0.817 0.963 1.174 1.407 1.696 0.805
0.886 1.494 1.386 1.417 1.468 0.874 1.484 0.648 0.651 1.702 0.817 0.963 1.174 1.407 1.696 0.437
1.484 1.494 1.386 1.417 1.468 0.874 1.484 0.648 0.651 1.702 0.817 0.963 1.174 1.407 1.696 1.271
1.624 1.494 1.386 1.417 1.468 0.874 1.484 0.648 0.651 1.702 0.817 0.963 1.174 1.407 1.696 1.626
0.756 1.494 1.386 1.417 1.468 0.874 1.484 0.648 0.651 1.702 0.817 0.963 1.174 1.407 1.696 1.54
1.311 1.494 1.386 1.417 1.468 0.874 1.484 0.648 0.651 1.702 0.817 0.963 1.174 1.407 1.696 1.591
0.922 1.494 1.386 1.417 1.468 0.874 1.484 0.648 0.651 1.702 0.817 0.963 1.174 1.407 1.696 1.055
1.709 1.494 1.386 1.417 1.468 0.874 1.484 0.648 0.651 1.702 0.817 0.963 1.174 1.407 1.696 1.856
0.878 1.494 1.386 1.417 1.468 0.874 1.484 0.648 0.651 1.702 0.817 0.963 1.174 1.407 1.696 0.815
0.583 1.494 1.386 1.417 1.468 0.874 1.484 0.648 0.651 1.702 0.817 0.963 1.174 1.407 1.696 0.994
0.866 1.494 1.386 1.417 1.468 0.874 1.484 0.648 0.651 1.702 0.817 0.963 1.174 1.407 1.696 0.885
1.722 1.494 1.386 1.417 1.468 0.874 1.484 0.648 0.651 1.702 0.817 0.963 1.174 1.407 1.696 1.901
1.317 1.494 1.386 1.417 1.468 0.874 1.484 0.648 0.651 1.702 0.817 0.963 1.174 1.407 1.696 1.243
1.719 1.494 1.386 1.417 1.468 0.874 1.484 0.648 0.651 1.702 0.817 0.963 1.174 1.407 1.696 0.468
1.964 1.494 1.386 1.417 1.468 0.874 1.484 0.648 0.651 1.702 0.817 0.963 1.174 1.407 1.696 1.836
1.565 1.494 1.386 1.417 1.468 0.874 1.484 0.648 0.651 1.702 0.817 0.963 1.174 1.407 1.696 0.669
1.616 1.494 1.386 1.417 1.468 0.874 1.484 0.648 0.651 1.702 0.817 0.963 1.174 1.407 1.696 1.073
0.797 1.494 1.386 1.417 1.468 0.874 1.484 0.648 0.651 1.702 0.817 0.963 1.174 1.407 1.696 1.54
0.559 1.494 1.386 1.417 1.468 0.874 1.484 0.648 0.651 1.702 0.817 0.963 1.174 1.407 1.696 1.392
1.784 1.494 1.386 1.417 1.468 0.874 1.484 0.648 0.651 1.702 0.817 0.963 1.174 1.407 1.696 1.751
0.961 1.494 1.386 1.417 1.468 0.874 1.484 0.648 0.651 1.702 0.817 0.963 1.174 1.407 1.696 0.417
0.738 1.494 1.386 1.417 1.468 0.874 1.484 0.648 0.651 1.702 0.817 0.963 1.174 1.407 1.696 0.638
0.859 1.494 1.386 1.417 1.468 0.874 1.484 0.648 0.651 1.702 0.817 0.963 1.174 1.407 1.696 1.514
0.763 1.494 1.386 1.417 1.468 0.874 1.484 0.648 0.651 1.702 0.817 0.963 1.174 1.407 1.696 1.178
1.597 1.494 1.386 1.417 1.468 0.874 1.484 0.648 0.651 1.702 0.817 0.963 1.174 1.407 1.696 1.453
1.688 1.494 1.386 1.417 1.468 0.874 1.484 0.648 0.651 1.702 0.817 0.963 1.174 1.407 1.696 1.581
1.543 1.494 1.386 1.417 1.468 0.874 1.484 0.648 0.651 1.702 0.817 0.963 1.174 1.407 1.696 1.566
1.518 1.494 1.386 1.417 1.468 0.874 1.484 0.648 0.651 1.702 0.817 0.963 1.174 1.407 1.696 1.436
0.551 1.494 1.386 1.417 1.468 0.874 1.484 0.648 0.651 1.702 0.817 0.963 1.174 1.407 1.696 0.345
1.661 1.494 1.386 1.417 1.468 0.874 1.484 0.648 0.651 1.702 0.817 0.963 1.174 1.407 1.696 0.965
1.471 1.494 1.386 1.417 1.468 0.874 1.484 0.648 0.651 1.702 0.817 0.963 1.174 1.407 1.696 1.061
1.428 1.494 1.386 1.417 1.468 0.874 1.484 0.648 0.651 1.702 0.817 0.963 1.174 1.407 1.696 1.587
1.087 1.494 1.386 1.417 1.468 0.874 1.484 0.648 0.651 1.702 0.817 0.963 1.174 1.407 1.696 1.854
1.166 1.494 1.386 1.417 1.468 0.874 1.484 0.648 0.651 1.702 0.817 0.963 1.174 1.407 1.696 1.383
1.365 1.494 1.386 1.417 1.468 0.874 1.484 0.648 0.651 1.702 0.817 0.963 1.174 1.407 1.696 0.983
1.206 1.494 1.386 1.417 1.468 0.874 1.484 0.648 0.651 1.702 0.817 0.963 1.174 1.407 1.696 1.48
0.698 1.494 1.386 1.417 1.468 0.874 1.484 0.648 0.651 1.702 0.817 0.963 1.174 1.407 1.696 0.804
1.539 1.494 1.386 1.417 1.468 0.874 1.484 0.648 0.651 1.702 0.817 0.963 1.174 1.407 1.696 1.442
0.935 1.494 1.386 1.417 1.468 0.874 1.484 0.648 0.651 1.702 0.817 0.963 1.174 1.407 1.696 1.545
1.445 1.494 1.386 1.417 1.468 0.874 1.484 0.648 0.651 1.702 0.817 0.963 1.174 1.407 1.696 0.958
1.604 1.494 1.386 1.417 1.468 0.874 1.484 0.648 0.651 1.702 0.817 0.963 1.174 1.407 1.696 0.626
0.919 1.494 1.386 1.417 1.468 0.874 1.484 0.648 0.651 1.702 0.817 0.963 1.174 1.407 1.696 0.88
1.811 1.494 1.386 1.417 1.468 0.874 1.484 0.648 0.651 1.702 0.817 0.963 1.174 1.407 1.696 1.593
1.318 1.494 1.386 1.417 1.468 0.874 1.484 0.648 0.651 1.702 0.817 0.963 1.174 1.407 1.696 1.668
0.738 1.494 1.386 1.417 1.468 0.874 1.484 0.648 0.651 1.702 0.817 0.963 1.174 1.407 1.696 1.49
1.428 1.494 1.386 1.417 1.468 0.874 1.484 0.648 0.651 1.702 0.817 0.963 1.174 1.407 1.696 0.636
1.658 1.494 1.386 1.417 1.468 0.874 1.484 0.648 0.651 1.702 0.817 0.963 1.174 1.407 1.696 1.21
0.598 1.494 1.386 1.417 1.468 0.874 1.484 0.648 0.651 1.702 0.817 0.963 1.174 1.407 1.696 1.481
1.474 1.494 1.386 1.417 1.468 0.874 1.484 0.648 0.651 1.702 0.817 0.963 1.174 1.407 1.696 0.987
1.11 1.494 1.386 1.417 1.468 0.874 1.484 0.648 0.651 1.702 0.817 0.963 1.174 1.407 1.696 1.344
1.248 1.494 1.386 1.417 1.468 0.874 1.484 0.648 0.651 1.702 0.817 0.963 1.174 1.407 1.696 1.448
0.64 1.494 1.386 1.417 1.468 0.874 1.484 0.648 0.651 1.702 0.817 0.963 1.174 1.407 1.696 1.388
1.044 1.494 1.386 1.417 1.468 0.874 1.484 0.648 0.651 1.702 0.817 0.963 1.174 1.407 1.696 1.036
1.361 1.494 1.386 1.417 1.468 0.874 1.484 0.648 0.651 1.702 0.817 0.963 1.174 1.407 1.696 1.681
0.444 1.494 1.386 1.417 1.468 0.874 1.484 0.648 0.651 1.702 0.817 0.963 1.174 1.407 1.696 1.588
1.344 1.494 1.386 1.417 1.468 0.874 1.484 0.648 0.651 1.702 0.817 0.963 1.174 1.407 1.696 1.057
1.904 1.494 1.386 1.417 1.468 0.874 1.484 0.648 0.651 1.702 0.817 0.963 1.174 1.407 1.696 1.693
0.711 1.494 1.386 1.417 1.468 0.874 1.484 0.648 0.651 1.702 0.817 0.963 1.174 1.407 1.696 0.73
1.059 1.494 1.386 1.417 1.468 0.874 1.484 0.648 0.651 1.702 0.817 0.963 1.174 1.407 1.696 1.555
0.723 1.494 1.386 1.417 1.468 0.874 1.484 0.648 0.651 1.702 0.817 0.963 1.174 1.407 1.696 1.354
1.564 1.494 1.386 1.417 1.468 0.874 1.484 0.648 0.651 1.702 0.817 0.963 1.174 1.407 1.696 1.637
1.761 1.494 1.386 1.417 1.468 0.874 1.484 0.648 0.651 1.702 0.817 0.963 1.174 1.407 1.696 1.225
1.058 1.494 1.386 1.417 1.468 0.874 1.484 0.648 0.651 1.702 0.817 0.963 1.174 1.407 1.696 1.217
1.22 1.494 1.386 1.417 1.468 0.874 1.484 0.648 0.651 1.702 0.817 0.963 1.174 1.407 1.696 1.139
1.207 1.494 1.386 1.417 1.468 0.874 1.484 0.648 0.651 1.702 0.817 0.963 1.174 1.407 1.696 1.576
0.727 1.494 1.386 1.417 1.468 0.874 1.484 0.648 0.651 1.702 0.817 0.963 1.174 1.407 1.696 0.426
1.296 1.494 1.386 1.417 1.468 0.874 1.484 0.648 0.651 1.702 0.817 0.963 1.174 1.407 1.696 1.466
0.602 1.494 1.386 1.417 1.468 0.874 1.484 0.648 0.651 1.702 0.817 0.963 1.174 1.407 1.696 1.754
0.921 1.494 1.386 1.417 1.468 0.874 1.484 0.648 0.651 1.702 0.817 0.963 1.174 1.407 1.696 0.773
1.613 1.494 1.386 1.417 1.468 0.874 1.484 0.648 0.651 1.702 0.817 0.963 1.174 1.407 1.696 1.221
1.513 1.494 1.386 1.417 1.468 0.874 1.484 0.648 0.651 1.702 0.817 0.963 1.174 1.407 1.696 1.549
1.689 1.494 1.386 1.417 1.468 0.874 1.484 0.648 0.651 1.702 0.817 0.963 1.174 1.407 1.696 0.776
0.462 1.494 1.386 1.417 1.468 0.874 1.484 0.648 0.651 1.702 0.817 0.963 1.174 1.407 1.696 1.199
1.414 1.494 1.386 1.417 1.468 0.874 1.484 0.648 0.651 1.702 0.817 0.963 1.174 1.407 1.696 1.419
1.903 1.494 1.386 1.417 1.468 0.874 1.484 0.648 0.651 1.702 0.817 0.963 1.174 1.407 1.696 1.68
1.704 1.494 1.386 1.417 1.468 0.874 1.484 0.648 0.651 1.702 0.817 0.963 1.174 1.407 1.696 1.055
0.744 1.494 1.386 1.417 1.468 0.874 1.484 0.648 0.651 1.702 0.817 0.963 1.174 1.407 1.696 1.25
1.799 1.494 1.386 1.417 1.468 0.874 1.484 0.648 0.651 1.702 0.817 0.963 1.174 1.407 1.696 0.824
1.467 1.494 1.386 1.417 1.468 0.874 1.484 0.648 0.651 1.702 0.817 0.963 1.174 1.407 1.696 0.912
0.876 1.494 1.386 1.417 1.468 0.874 1.484 0.648 0.651 1.702 0.817 0.963 1.174 1.407 1.696 1.618
1.01 1.494 1.386 1.417 1.468 0.874 1.484 0.648 0.651 1.702 0.817 0.963 1.174 1.407 1.696 1.71
0.861 1.494 1.386 1.417 1.468 0.874 1.484 0.648 0.651 1.702 0.817 0.963 1.174 1.407 1.696 1.046
1.919 1.494 1.386 1.417 1.468 0.874 1.484 0.648 0.651 1.702 0.817 0.963 1.174 1.407 1.696 2.01
1.458 1.494 1.386 1.417 1.468 0.874 1.484 0.648 0.651 1.702 0.817 0.963 1.174 1.407 1.696 1.718
1.32 1.494 1.386 1.417 1.468 0.874 1.484 0.648 0.651 1.702 0.817 0.963 1.174 1.407 1.696 1.552
1.529 1.494 1.386 1.417 1.468 0.874 1.484 0.648 0.651 1.702 0.817 0.963 1.174 1.407 1.696 1.452
0.728 1.494 1.386 1.417 1.468 0.874 1.484 0.648 0.651 1.702 0.817 0.963 1.174 1.407 1.696 1.424
1.193 1.494 1.386 1.417 1.468 0.874 1.484 0.648 0.651 1.702 0.817 0.963 1.174 1.407 1.696 0.851
1.47 1.494 1.386 1.417 1.468 0.874 1.484 0.648 0.651 1.702 0.817 0.963 1.174 1.407 1.696 2.008
0.629 1.494 1.386 1.417 1.468 0.874 1.484 0.648 0.651 1.702 0.817 0.963 1.174 1.407 1.696 0.636
0.822 1.494 1.386 1.417 1.468 0.874 1.484 0.648 0.651 1.702 0.817 0.963 1.174 1.407 1.696 0.91
0.883 1.494 1.386 1.417 1.468 0.874 1.484 0.648 0.651 1.702 0.817 0.963 1.174 1.407 1.696 1.254
0.916 1.494 1.386 1.417 1.468 0.874 1.484 0.648 0.651 1.702 0.817 0.963 1.174 1.407 1.696 1.589
0.574 1.494 1.386 1.417 1.468 0.874 1.484 0.648 0.651 1.702 0.817 0.963 1.174 1.407 1.696 0.589
1.161 1.494 1.386 1.417 1.468 0.874 1.484 0.648 0.651 1.702 0.817 0.963 1.174 1.407 1.696 1.714
0.517 1.494 1.386 1.417 1.468 0.874 1.484 0.648 0.651 1.702 0.817 0.963 1.174 1.407 1.696 1.058
0.863 1.494 1.386 1.417 1.468 0.874 1.484 0.648 0.651 1.702 0.817 0.963 1.174 1.407 1.696 1.048
0.976 1.494 1.386 1.417 1.468 0.874 1.484 0.648 0.651 1.702 0.817 0.963 1.174 1.407 1.696 1.486
1.578 1.494 1.386 1.417 1.468 0.874 1.484 0.648 0.651 1.702 0.817 0.963 1.174 1.407 1.696 1.184
1.286 1.494 1.386 1.417 1.468 0.874 1.484 0.648 0.651 1.702 0.817 0.963 1.174 1.407 1.696 1.497
1.422 1.494 1.386 1.417 1.468 0.874 1.484 0.648 0.651 1.702 0.817 0.963 1.174 1.407 1.696 1.211
0.692 1.494 1.386 1.417 1.468 0.874 1.484 0.648 0.651 1.702 0.817 0.963 1.174 1.407 1.696 1.837
1.195 1.494 1.386 1.417 1.468 0.874 1.484 0.648 0.651 1.702 0.817 0.963 1.174 1.407 1.696 0.891
1.934 1.494 1.386 1.417 1.468 0.874 1.484 0.648 0.651 1.702 0.817 0.963 1.174 1.407 1.696 0.855
1.211 1.494 1.386 1.417 1.468 0.874 1.484 0.648 0.651 1.702 0.817 0.963 1.174 1.407 1.696 1.5
1.525 1.494 1.386 1.417 1.468 0.874 1.484 0.648 0.651 1.702 0.817 0.963 1.174 1.407 1.696 0.542
1.47 1.494 1.386 1.417 1.468 0.874 1.484 0.648 0.651 1.702 0.817 0.963 1.174 1.407 1.696 0.443
0.793 1.494 1.386 1.417 1.468 0.874 1.484 0.648 0.651 1.702 0.817 0.963 1.174 1.407 1.696 0.944
1.722 1.494 1.386 1.417 1.468 0.874 1.484 0.648 0.651 1.702 0.817 0.963 1.174 1.407 1.696 1.48
0.898 1.494 1.386 1.417 1.468 0.874 1.484 0.648 0.651 1.702 0.817 0.963 1.174 1.407 1.696 0.761
1.438 1.494 1.386 1.417 1.468 0.874 1.484 0.648 0.651 1.702 0.817 0.963 1.174 1.407 1.696 1.568
1.292 1.494 1.386 1.417 1.468 0.874 1.484 0.648 0.651 1.702 0.817 0.963 1.174 1.407 1.696 1.594
0.74 1.494 1.386 1.417 1.468 0.874 1.484 0.648 0.651 1.702 0.817 0.963 1.174 1.407 1.696 1.108
0.577 1.494 1.386 1.417 1.468 0.874 1.484 0.648 0.651 1.702 0.817 0.963 1.174 1.407 1.696 0.38
1.269 1.494 1.386 1.417 1.468 0.874 1.484 0.648 0.651 1.702 0.817 0.963 1.174 1.407 1.696 0.956
1.41 1.494 1.386 1.417 1.468 0.874 1.484 0.648 0.651 1.702 0.817 0.963 1.174 1.407 1.696 0.695
1.092 1.494 1.386 1.417 1.468 0.874 1.484 0.648 0.651 1.702 0.817 0.963 1.174 1.407 1.696 0.837
1.616 1.494 1.386 1.417 1.468 0.874 1.484 0.648 0.651 1.702 0.817 0.963 1.174 1.407 1.696 1.022
0.941 1.494 1.386 1.417 1.468 0.874 1.484 0.648 0.651 1.702 0.817 0.963 1.174 1.407 1.696 1.826
0.607 1.494 1.386 1.417 1.468 0.874 1.484 0.648 0.651 1.702 0.817 0.963 1.174 1.407 1.696 0.951
1.727 1.494 1.386 1.417 1.468 0.874 1.484 0.648 0.651 1.702 0.817 0.963 1.174 1.407 1.696 1.557
1.173 1.494 1.386 1.417 1.468 0.874 1.484 0.648 0.651 1.702 0.817 0.963 1.174 1.407 1.696 1.524
1.15 1.494 1.386 1.417 1.468 0.874 1.484 0.648 0.651 1.702 0.817 0.963 1.174 1.407 1.696 1.293
1.879 1.494 1.386 1.417 1.468 0.874 1.484 0.648 0.651 1.702 0.817 0.963 1.174 1.407 1.696 0.568
1.117 1.494 1.386 1.417 1.468 0.874 1.484 0.648 0.651 1.702 0.817 0.963 1.174 1.407 1.696 1.073
1.064 1.494 1.386 1.417 1.468 0.874 1.484 0.648 0.651 1.702 0.817 0.963 1.174 1.407 1.696 1.561
0.947 1.494 1.386 1.417 1.468 0.874 1.484 0.648 0.651 1.702 0.817 0.963 1.174 1.407 1.696 0.395
0.863 1.494 1.386 1.417 1.468 0.874 1.484 0.648 0.651 1.702 0.817 0.963 1.174 1.407 1.696 1.231
1.554 1.494 1.386 1.417 1.468 0.874 1.484 0.648 0.651 1.702 0.817 0.963 1.174 1.407 1.696 1.433
1.064 1.494 1.386 1.417 1.468 0.874 1.484 0.648 0.651 1.702 0.817 0.963 1.174 1.407 1.696 0.7
1.075 1.494 1.386 1.417 1.468 0.874 1.484 0.648 0.651 1.702 0.817 0.963 1.174 1.407 1.696 1.093
1.034 1.494 1.386 1.417 1.468 0.874 1.484 0.648 0.651 1.702 0.817 0.963 1.174 1.407 1.696 1.737
0.588 1.494 1.386 1.417 1.468 0.874 1.484 0.648 0.651 1.702 0.817 0.963 1.174 1.407 1.696 1.444
0.838 1.494 1.386 1.417 1.468 0.874 1.484 0.648 0.651 1.702 0.817 0.963 1.174 1.407 1.696 1.669
1.165 1.494 1.386 1.417 1.468 0.874 1.484 0.648 0.651 1.702 0.817 0.963 1.174 1.407 1.696 0.859
1.727 1.494 1.386 1.417 1.468 0.874 1.484 0.648 0.651 1.702 0.817 0.963 1.174 1.407 1.696 0.445
1.68 1.494 1.386 1.417 1.468 0.874 1.484 0.648 0.651 1.702 0.817 0.963 1.174 1.407 1.696 0.627
0.639 1.494 1.386 1.417 1.468 0.874 1.484 0.648 0.651 1.702 0.817 0.963 1.174 1.407 1.696 0.693
0.042 1.494 1.386 1.417 1.468 0.874 1.484 0.648 0.651 1.702 0.817 0.963 1.174 1.407 1.696 0.367
1.053 1.494 1.386 1.417 1.468 0.874 1.484 0.648 0.651 1.702 0.817 0.963 1.174 1.407 1.696 1.148
1.191 1.494 1.386 1.417 1.468 0.874 1.484 0.648 0.651 1.702 0.817 0.963 1.174 1.407 1.696 0.374
0.522 1.494 1.386 1.417 1.468 0.874 1.484 0.648 0.651 1.702 0.817 0.963 1.174 1.407 1.696 0.454
0.664 1.494 1.386 1.417 1.468 0.874 1.484 0.648 0.651 1.702 0.817 0.963 1.174 1.407 1.696 0.609
1.314 1.494 1.386 1.417 1.468 0.874 1.484 0.648 0.651 1.702 0.817 0.963 1.174 1.407 1.696 1.34
1.165 1.494 1.386 1.417 1.468 0.874 1.484 0.648 0.651 1.702 0.817 0.963 1.174 1.407 1.696 1.379
1.724 1.494 1.386 1.417 1.468 0.874 1.484 0.648 0.651 1.702 0.817 0.963 1.174 1.407 1.696 0.682
1.272 1.494 1.386 1.417 1.468 0.874 1.484 0.648 0.651 1.702 0.817 0.963 1.174 1.407 1.696 0.817
0.616 1.494 1.386 1.417 1.468 0.874 1.484 0.648 0.651 1.702 0.817 0.963 1.174 1.407 1.696 0.666
0.865 1.494 1.386 1.417 1.468 0.874 1.484 0.648 0.651 1.702 0.817 0.963 1.174 1.407 1.696 1.186
1.366 1.494 1.386 1.417 1.468 0.874 1.484 0.648 0.651 1.702 0.817 0.963 1.174 1.407 1.696 1.815
1.796 1.494 1.386 1.417 1.468 0.874 1.484 0.648 0.651 1.702 0.817 0.963 1.174 1.407 1.696 1.067
0.892 1.494 1.386 1.417 1.468 0.874 1.484 0.648 0.651 1.702 0.817 0.963 1.174 1.407 1.696 0.529
1.358 1.494 1.386 1.417 1.468 0.874 1.484 0.648 0.651 1.702 0.817 0.963 1.174 1.407 1.696 1.538
1.664 1.494 1.386 1.417 1.468 0.874 1.484 0.648 0.651 1.702 0.817 0.963 1.174 1.407 1.696 1.664
1.395 1.494 1.386 1.417 1.468 0.874 1.484 0.648 0.651 1.702 0.817 0.963 1.174 1.407 1.696 1.942
1.332 1.494 1.386 1.417 1.468 0.874 1.484 0.648 0.651 1.702 0.817 0.963 1.174 1.407 1.696 1.474
1.376 1.494 1.386 1.417 1.468 0.874 1.484 0.648 0.651 1.702 0.817 0.963 1.174 1.407 1.696 1.377
1.414 1.494 1.386 1.417 1.468 0.874 1.484 0.648 0.651 1.702 0.817 0.963 1.174 1.407 1.696 1.79
1.758 1.494 1.386 1.417 1.468 0.874 1.484 0.648 0.651 1.702 0.817 0.963 1.174 1.407 1.696 1.161
1.507 1.494 1.386 1.417 1.468 0.874 1.484 0.648 0.651 1.702 0.817 0.963 1.174 1.407 1.696 1.002
1.702 1.494 1.386 1.417 1.468 0.874 1.484 0.648 0.651 1.702 0.817 0.963 1.174 1.407 1.696 1.197
1.669 1.494 1.386 1.417 1.468 0.874 1.484 0.648 0.651 1.702 0.817 0.963 1.174 1.407 1.696 1.01
1.514 1.494 1.386 1.417 1.468 0.874 1.484 0.648 0.651 1.702 0.817 0.963 1.174 1.407 1.696 1.126
0.367 1.494 1.386 1.417 1.468 0.874 1.484 0.648 0.651 1.702 0.817 0.963 1.174 1.407 1.696 0.415
0.877 1.494 1.386 1.417 1.468 0.874 1.484 0.648 0.651 1.702 0.817 0.963 1.174 1.407 1.696 1.442
0.474 1.494 1.386 1.417 1.468 0.874 1.484 0.648 0.651 1.702 0.817 0.963 1.174 1.407 1.696 0.72
1.574 1.494 1.386 1.417 1.468 0.874 1.484 0.648 0.651 1.702 0.817 0.963 1.174 1.407 1.696 1.237
0.557 1.494 1.386 1.417 1.468 0.874 1.484 0.648 0.651 1.702 0.817 0.963 1.174 1.407 1.696 1.148
1.359 1.494 1.386 1.417 1.468 0.874 1.484 0.648 0.651 1.702 0.817 0.963 1.174 1.407 1.696 1.489
0.69 1.494 1.386 1.417 1.468 0.874 1.484 0.648 0.651 1.702 0.817 0.963 1.174 1.407 1.696 1.586
1.058 1.494 1.386 1.417 1.468 0.874 1.484 0.648 0.651 1.702 0.817 0.963 1.174 1.407 1.696 1.089
0.535 1.494 1.386 1.417 1.468 0.874 1.484 0.648 0.651 1.702 0.817 0.963 1.174 1.407 1.696 1.461
1.256 1.494 1.386 1.417 1.468 0.874 1.484 0.648 0.651 1.702 0.817 0.963 1.174 1.407 1.696 0.539
2.039 1.494 1.386 1.417 1.468 0.874 1.484 0.648 0.651 1.702 0.817 0.963 1.174 1.407 1.696 1.9
0.608 1.494 1.386 1.417 1.468 0.874 1.484 0.648 0.651 1.702 0.817 0.963 1.174 1.407 1.696 1.894
1.542 1.494 1.386 1.417 1.468 0.874 1.484 0.648 0.651 1.702 0.817 0.963 1.174 1.407 1.696 1.225
1.604 1.494 1.386 1.417 1.468 0.874 1.484 0.648 0.651 1.702 0.817 0.963 1.174 1.407 1.696 0.975
1.345 1.494 1.386 1.417 1.468 0.874 1.484 0.648 0.651 1.702 0.817 0.963 1.174 1.407 1.696 1.714
1.635 1.494 1.386 1.417 1.468 0.874 1.484 0.648 0.651 1.702 0.817 0.963 1.174 1.407 1.696 1.402
1.18 1.494 1.386 1.417 1.468 0.874 1.484 0.648 0.651 1.702 0.817 0.963 1.174 1.407 1.696 1.45
1.523 1.494 1.386 1.417 1.468 0.874 1.484 0.648 0.651 1.702 0.817 0.963 1.174 1.407 1.696 0.937
0.85 1.494 1.386 1.417 1.468 0.874 1.484 0.648 0.651 1.702 0.817 0.963 1.174 1.407 1.696 0.904
0.703 1.494 1.386 1.417 1.468 0.874 1.484 0.648 0.651 1.702 0.817 0.963 1.174 1.407 1.696 1.111
1.358 1.494 1.386 1.417 1.468 0.874 1.484 0.648 0.651 1.702 0.817 0.963 1.174 1.407 1.696 1.363
1.241 1.494 1.386 1.417 1.468 0.874 1.484 0.648 0.651 1.702 0.817 0.963 1.174 1.407 1.696 0.76
1.547 1.494 1.386 1.417 1.468 0.874 1.484 0.648 0.651 1.702 0.817 0.963 1.174 1.407 1.696 1.213
1.467 1.494 1.386 1.417 1.468 0.874 1.484 0.648 0.651 1.702 0.817 0.963 1.174 1.407 1.696 0.511
1.453 1.494 1.386 1.417 1.468 0.874 1.484 0.648 0.651 1.702 0.817 0.963 1.174 1.407 1.696 1.562
1.424 1.494 1.386 1.417 1.468 0.874 1.484 0.648 0.651 1.702 0.817 0.963 1.174 1.407 1.696 1.437
0.662 1.494 1.386 1.417 1.468 0.874 1.484 0.648 0.651 1.702 0.817 0.963 1.174 1.407 1.696 1.496
1.681 1.494 1.386 1.417 1.468 0.874 1.484 0.648 0.651 1.702 0.817 0.963 1.174 1.407 1.696 1.584
1.262 1.494 1.386 1.417 1.468 0.874 1.484 0.648 0.651 1.702 0.817 0.963 1.174 1.407 1.696 1.698
1.715 1.494 1.386 1.417 1.468 0.874 1.484 0.648 0.651 1.702 0.817 0.963 1.174 1.407 1.696 1.747
1.481 1.494 1.386 1.417 1.468 0.874 1.484 0.648 0.651 1.702 0.817 0.963 1.174 1.407 1.696 1.41
1.559 1.494 1.386 1.417 1.468 0.874 1.484 0.648 0.651 1.702 0.817 0.963 1.174 1.407 1.696 1.148
0.795 1.494 1.386 1.417 1.468 0.874 1.484 0.648 0.651 1.702 0.817 0.963 1.174 1.407 1.696 1.226
1.422 1.494 1.386 1.417 1.468 0.874 1.484 0.648 0.651 1.702 0.817 0.963 1.174 1.407 1.696 1.354
0.874 1.494 1.386 1.417 1.468 0.874 1.484 0.648 0.651 1.702 0.817 0.963 1.174 1.407 1.696 1.21
1.422 1.494 1.386 1.417 1.468 0.874 1.484 0.648 0.651 1.702 0.817 0.963 1.174 1.407 1.696 1.008
1.186 1.494 1.386 1.417 1.468 0.874 1.484 0.648 0.651 1.702 0.817 0.963 1.174 1.407 1.696 0.753
1.66 1.494 1.386 1.417 1.468 0.874 1.484 0.648 0.651 1.702 0.817 0.963 1.174 1.407 1.696 1.623
1.532 1.494 1.386 1.417 1.468 0.874 1.484 0.648 0.651 1.702 0.817 0.963 1.174 1.407 1.696 0.907
0.816 1.494 1.386 1.417 1.468 0.874 1.484 0.648 0.651 1.702 0.817 0.963 1.174 1.407 1.696 0.428
0.547 1.494 1.386 1.417 1.468 0.874 1.484 0.648 0.651 1.702 0.817 0.963 1.174 1.407 1.696 1.131
1.455 1.494 1.386 1.417 1.468 0.874 1.484 0.648 0.651 1.702 0.817 0.963 1.174 1.407 1.696 1.306
1.023 1.494 1.386 1.417 1.468 0.874 1.484 0.648 0.651 1.702 0.817 0.963 1.174 1.407 1.696 1.459
1.904 1.494 1.386 1.417 1.468 0.874 1.484 0.648 0.651 1.702 0.817 0.963 1.174 1.407 1.696 1.548
1.368 1.494 1.386 1.417 1.468 0.874 1.484 0.648 0.651 1.702 0.817 0.963 1.174 1.407 1.696 1.027
0.635 1.494 1.386 1.417 1.468 0.874 1.484 0.648 0.651 1.702 0.817 0.963 1.174 1.407 1.696 1.363
1.577 1.494 1.386 1.417 1.468 0.874 1.484 0.648 0.651 1.702 0.817 0.963 1.174 1.407 1.696 1.056
1.068 1.494 1.386 1.417 1.468 0.874 1.484 0.648 0.651 1.702 0.817 0.963 1.174 1.407 1.696 1.54
0.395 1.494 1.386 1.417 1.468 0.874 1.484 0.648 0.651 1.702 0.817 0.963 1.174 1.407 1.696 1.457
1.602 1.494 1.386 1.417 1.468 0.874 1.484 0.648 0.651 1.702 0.817 0.963 1.174 1.407 1.696 1.456
0.598 1.494 1.386 1.417 1.468 0.874 1.484 0.648 0.651 1.702 0.817 0.963 1.174 1.407 1.696 1.534
1.463 1.494 1.386 1.417 1.468 0.874 1.484 0.648 0.651 1.702 0.817 0.963 1.174 1.407 1.696 1.42
1.724 1.494 1.386 1.417 1.468 0.874 1.484 0.648 0.651 1.702 0.817 0.963 1.174 1.407 1.696 1.288
1.263 1.494 1.386 1.417 1.468 0.874 1.484 0.648 0.651 1.702 0.817 0.963 1.174 1.407 1.696 1.467
1.934 1.494 1.386 1.417 1.468 0.874 1.484 0.648 0.651 1.702 0.817 0.963 1.174 1.407 1.696 1.726
0.862 1.494 1.386 1.417 1.468 0.874 1.484 0.648 0.651 1.702 0.817 0.963 1.174 1.407 1.696 0.51
1.412 1.494 1.386 1.417 1.468 0.874 1.484 0.648 0.651 1.702 0.817 0.963 1.174 1.407 1.696 1.48
1.53 1.494 1.386 1.417 1.468 0.874 1.484 0.648 0.651 1.702 0.817 0.963 1.174 1.407 1.696 1.302
1.547 1.494 1.386 1.417 1.468 0.874 1.484 0.648 0.651 1.702 0.817 0.963 1.174 1.407 1.696 1.526
0.798 1.494 1.386 1.417 1.468 0.874 1.484 0.648 0.651 1.702 0.817 0.963 1.174 1.407 1.696 0.483
1.501 1.494 1.386 1.417 1.468 0.874 1.484 0.648 0.651 1.702 0.817 0.963 1.174 1.407 1.696 0.58
0.858 1.494 1.386 1.417 1.468 0.874 1.484 0.648 0.651 1.702 0.817 0.963 1.174 1.407 1.696 1.66
1.351 1.494 1.386 1.417 1.468 0.874 1.484 0.648 0.651 1.702 0.817 0.963 1.174 1.407 1.696 1.17
1.259 1.494 1.386 1.417 1.468 0.874 1.484 0.648 0.651 1.702 0.817 0.963 1.174 1.407 1.696 1.247
1.335 1.494 1.386 1.417 1.468 0.874 1.484 0.648 0.651 1.702 0.817 0.963 1.174 1.407 1.696 1.002
0.737 1.494 1.386 1.417 1.468 0.874 1.484 0.648 0.651 1.702 0.817 0.963 1.174 1.407 1.696 0.771
1.567 1.494 1.386 1.417 1.468 0.874 1.484 0.648 0.651 1.702 0.817 0.963 1.174 1.407 1.696 1.259
1.228 1.494 1.386 1.417 1.468 0.874 1.484 0.648 0.651 1.702 0.817 0.963 1.174 1.407 1.696 1.592
0.759 1.494 1.386 1.417 1.468 0.874 1.484 0.648 0.651 1.702 0.817 0.963 1.174 1.407 1.696 1.332
0.781 1.494 1.386 1.417 1.468 0.874 1.484 0.648 0.651 1.702 0.817 0.963 1.174 1.407 1.696 1.624
0.458 1.494 1.386 1.417 1.468 0.874 1.484 0.648 0.651 1.702 0.817 0.963 1.174 1.407 1.696 1.274
0.798 1.494 1.386 1.417 1.468 0.874 1.484 0.648 0.651 1.702 0.817 0.963 1.174 1.407 1.696 1.632
0.49 1.494 1.386 1.417 1.468 0.874 1.484 0.648 0.651 1.702 0.817 0.963 1.174 1.407 1.696 1.298
1.031 1.494 1.386 1.417 1.468 0.874 1.484 0.648 0.651 1.702 0.817 0.963 1.174 1.407 1.696 1.3
1.485 1.494 1.386 1.417 1.468 0.874 1.484 0.648 0.651 1.702 0.817 0.963 1.174 1.407 1.696 1.18
0.706 1.494 1.386 1.417 1.468 0.874 1.484 0.648 0.651 1.702 0.817 0.963 1.174 1.407 1.696 0.685
1.574 1.494 1.386 1.417 1.468 0.874 1.484 0.648 0.651 1.702 0.817 0.963 1.174 1.407 1.696 1.346
1.462 1.494 1.386 1.417 1.468 0.874 1.484 0.648 0.651 1.702 0.817 0.963 1.174 1.407 1.696 1.445
1.976 1.494 1.386 1.417 1.468 0.874 1.484 0.648 0.651 1.702 0.817 0.963 1.174 1.407 1.696 1.622
1.445 1.494 1.386 1.417 1.468 0.874 1.484 0.648 0.651 1.702 0.817 0.963 1.174 1.407 1.696 0.421
1.041 1.494 1.386 1.417 1.468 0.874 1.484 0.648 0.651 1.702 0.817 0.963 1.174 1.407 1.696 0.945
0.394 1.494 1.386 1.417 1.468 0.874 1.484 0.648 0.651 1.702 0.817 0.963 1.174 1.407 1.696 1.454
0.48 1.494 1.386 1.417 1.468 0.874 1.484 0.648 0.651 1.702 0.817 0.963 1.174 1.407 1.696 1.614
0.854 1.494 1.386 1.417 1.468 0.874 1.484 0.648 0.651 1.702 0.817 0.963 1.174 1.407 1.696 1.647
1.187 1.494 1.386 1.417 1.468 0.874 1.484 0.648 0.651 1.702 0.817 0.963 1.174 1.407 1.696 0.651
0.767 1.494 1.386 1.417 1.468 0.874 1.484 0.648 0.651 1.702 0.817 0.963 1.174 1.407 1.696 0.61
0.921 1.494 1.386 1.417 1.468 0.874 1.484 0.648 0.651 1.702 0.817 0.963 1.174 1.407 1.696 0.938
1.31 1.494 1.386 1.417 1.468 0.874 1.484 0.648 0.651 1.702 0.817 0.963 1.174 1.407 1.696 0.66
0.826 1.494 1.386 1.417 1.468 0.874 1.484 0.648 0.651 1.702 0.817 0.963 1.174 1.407 1.696 1.018
0.83 1.494 1.386 1.417 1.468 0.874 1.484 0.648 0.651 1.702 0.817 0.963 1.174 1.407 1.696 1.392
1.174 1.494 1.386 1.417 1.468 0.874 1.484 0.648 0.651 1.702 0.817 0.963 1.174 1.407 1.696 0.472
1.767 1.494 1.386 1.417 1.468 0.874 1.484 0.648 0.651 1.702 0.817 0.963 1.174 1.407 1.696 1.454
1.971 1.494 1.386 1.417 1.468 0.874 1.484 0.648 0.651 1.702 0.817 0.963 1.174 1.407 1.696 1.373
0.503 1.494 1.386 1.417 1.468 0.874 1.484 0.648 0.651 1.702 0.817 0.963 1.174 1.407 1.696 0.954
1.51 1.494 1.386 1.417 1.468 0.874 1.484 0.648 0.651 1.702 0.817 0.963 1.174 1.407 1.696 1.639
1.5 1.494 1.386 1.417 1.468 0.874 1.484 0.648 0.651 1.702 0.817 0.963 1.174 1.407 1.696 1.136
1.267 1.494 1.386 1.417 1.468 0.874 1.484 0.648 0.651 1.702 0.817 0.963 1.174 1.407 1.696 0.837
1.361 1.494 1.386 1.417 1.468 0.874 1.484 0.648 0.651 1.702 0.817 0.963 1.174 1.407 1.696 1.045
0.884 1.494 1.386 1.417 1.468 0.874 1.484 0.648 0.651 1.702 0.817 0.963 1.174 1.407 1.696 0.464
1.87 1.494 1.386 1.417 1.468 0.874 1.484 0.648 0.651 1.702 0.817 0.963 1.174 1.407 1.696 1.025
0.784 1.494 1.386 1.417 1.468 0.874 1.484 0.648 0.651 1.702 0.817 0.963 1.174 1.407 1.696 1.103
0.677 1.494 1.386 1.417 1.468 0.874 1.484 0.648 0.651 1.702 0.817 0.963 1.174 1.407 1.696 1.704
1.69 1.494 1.386 1.417 1.468 0.874 1.484 0.648 0.651 1.702 0.817 0.963 1.174 1.407 1.696 1.371
1.092 1.494 1.386 1.417 1.468 0.874 1.484 0.648 0.651 1.702 0.817 0.963 1.174 1.407 1.696 1.357
1.41 1.494 1.386 1.417 1.468 0.874 1.484 0.648 0.651 1.702 0.817 0.963 1.174 1.407 1.696 1.215
1.547 1.494 1.386 1.417 1.468 0.874 1.484 0.648 0.651 1.702 0.817 0.963 1.174 1.407 1.696 1.267
1.511 1.494 1.386 1.417 1.468 0.874 1.484 0.648 0.651 1.702 0.817 0.963 1.174 1.407 1.696 1.34
0.637 1.494 1.386 1.417 1.468 0.874 1.484 0.648 0.651 1.702 0.817 0.963 1.174 1.407 1.696 0.61
1.003 1.494 1.386 1.417 1.468 0.874 1.484 0.648 0.651 1.702 0.817 0.963 1.174 1.407 1.696 1.237
0.784 1.494 1.386 1.417 1.468 0.874 1.484 0.648 0.651 1.702 0.817 0.963 1.174 1.407 1.696 1.973
1.859 1.494 1.386 1.417 1.468 0.874 1.484 0.648 0.651 1.702 0.817 0.963 1.174 1.407 1.696 0.68
1.118 1.494 1.386 1.417 1.468 0.874 1.484 0.648 0.651 1.702 0.817 0.963 1.174 1.407 1.696 1.431
1.432 1.494 1.386 1.417 1.468 0.874 1.484 0.648 0.651 1.702 0.817 0.963 1.174 1.407 1.696 0.923
0.332 1.494 1.386 1.417 1.468 0.874 1.484 0.648 0.651 1.702 0.817 0.963 1.174 1.407 1.696 1.484
1.329 1.494 1.386 1.417 1.468 0.874 1.484 0.648 0.651 1.702 0.817 0.963 1.174 1.407 1.696 1.761
1.167 1.494 1.386 1.417 1.468 0.874 1.484 0.648 0.651 1.702 0.817 0.963 1.174 1.407 1.696 1.308
1.485 1.494 1.386 1.417 1.468 0.874 1.484 0.648 0.651 1.702 0.817 0.963 1.174 1.407 1.696 1.013
0.555 1.494 1.386 1.417 1.468 0.874 1.484 0.648 0.651 1.702 0.817 0.963 1.174 1.407 1.696 1.23
0.81 1.494 1.386 1.417 1.468 0.874 1.484 0.648 0.651 1.702 0.817 0.963 1.174 1.407 1.696 1.806
1.092 1.494 1.386 1.417 1.468 0.874 1.484 0.648 0.651 1.702 0.817 0.963 1.174 1.407 1.696 1.284
1.28 1.494 1.386 1.417 1.468 0.874 1.484 0.648 0.651 1.702 0.817 0.963 1.174 1.407 1.696 1.606
1.291 1.494 1.386 1.417 1.468 0.874 1.484 0.648 0.651 1.702 0.817 0.963 1.174 1.407 1.696 1.492
1.658 1.494 1.386 1.417 1.468 0.874 1.484 0.648 0.651 1.702 0.817 0.963 1.174 1.407 1.696 0.437
0.526 1.494 1.386 1.417 1.468 0.874 1.484 0.648 0.651 1.702 0.817 0.963 1.174 1.407 1.696 0.909
1.241 1.494 1.386 1.417 1.468 0.874 1.484 0.648 0.651 1.702 0.817 0.963 1.174 1.407 1.696 1.597
1.578 1.494 1.386 1.417 1.468 0.874 1.484 0.648 0.651 1.702 0.817 0.963 1.174 1.407 1.696 1.393
1.962 1.494 1.386 1.417 1.468 0.874 1.484 0.648 0.651 1.702 0.817 0.963 1.174 1.407 1.696 1.099
1.62 1.494 1.386 1.417 1.468 0.874 1.484 0.648 0.651 1.702 0.817 0.963 1.174 1.407 1.696 0.686
1.168 1.494 1.386 1.417 1.468 0.874 1.484 0.648 0.651 1.702 0.817 0.963 1.174 1.407 1.696 1.582
1.555 1.494 1.386 1.417 1.468 0.874 1.484 0.648 0.651 1.702 0.817 0.963 1.174 1.407 1.696 0.796
1.675 1.494 1.386 1.417 1.468 0.874 1.484 0.648 0.651 1.702 0.817 0.963 1.174 1.407 1.696 1.94
1.359 1.494 1.386 1.417 1.468 0.874 1.484 0.648 0.651 1.702 0.817 0.963 1.174 1.407 1.696 0.66
1.484 1.494 1.386 1.417 1.468 0.874 1.484 0.648 0.651 1.702 0.817 0.963 1.174 1.407 1.696 0.658
1.435 1.494 1.386 1.417 1.468 0.874 1.484 0.648 0.651 1.702 0.817 0.963 1.174 1.407 1.696 1.225
1.596 1.494 1.386 1.417 1.468 0.874 1.484 0.648 0.651 1.702 0.817 0.963 1.174 1.407 1.696 1.674
1.524 1.494 1.386 1.417 1.468 0.874 1.484 0.648 0.651 1.702 0.817 0.963 1.174 1.407 1.696 1.358
0.845 1.494 1.386 1.417 1.468 0.874 1.484 0.648 0.651 1.702 0.817 0.963 1.174 1.407 1.696 0.633
1.651 1.494 1.386 1.417 1.468 0.874 1.484 0.648 0.651 1.702 0.817 0.963 1.174 1.407 1.696 1.385
1.246 1.494 1.386 1.417 1.468 0.874 1.484 0.648 0.651 1.702 0.817 0.963 1.174 1.407 1.696 1.787
1.203 1.494 1.386 1.417 1.468 0.874 1.484 0.648 0.651 1.702 0.817 0.963 1.174 1.407 1.696 1.632
0.487 1.494 1.386 1.417 1.468 0.874 1.484 0.648 0.651 1.702 0.817 0.963 1.174 1.407 1.696 1.151
1.289 1.494 1.386 1.417 1.468 0.874 1.484 0.648 0.651 1.702 0.817 0.963 1.174 1.407 1.696 1.033
0.436 1.494 1.386 1.417 1.468 0.874 1.484 0.648 0.651 1.702 0.817 0.963 1.174 1.407 1.696 1.204
0.763 1.494 1.386 1.417 1.468 0.874 1.484 0.648 0.651 1.702 0.817 0.963 1.174 1.407 1.696 0.864
0.396 1.494 1.386 1.417 1.468 0.874 1.484 0.648 0.651 1.702 0.817 0.963 1.174 1.407 1.696 1.565
0.393 1.494 1.386 1.417 1.468 0.874 1.484 0.648 0.651 1.702 0.817 0.963 1.174 1.407 1.696 0.348
1.195 1.494 1.386 1.417 1.468 0.874 1.484 0.648 0.651 1.702 0.817 0.963 1.174 1.407 1.696 0.418
1.164 1.494 1.386 1.417 1.468 0.874 1.484 0.648 0.651 1.702 0.817 0.963 1.174 1.407 1.696 1.19
1.504 1.494 1.386 1.417 1.468 0.874 1.484 0.648 0.651 1.702 0.817 0.963 1.174 1.407 1.696 1.358
1.567 1.494 1.386 1.417 1.468 0.874 1.484 0.648 0.651 1.702 0.817 0.963 1.174 1.407 1.696 0.912
1.368 1.494 1.386 1.417 1.468 0.874 1.484 0.648 0.651 1.702 0.817 0.963 1.174 1.407 1.696 1.497
1.301 1.494 1.386 1.417 1.468 0.874 1.484 0.648 0.651 1.702 0.817 0.963 1.174 1.407 1.696 1.656
0.461 1.494 1.386 1.417 1.468 0.874 1.484 0.648 0.651 1.702 0.817 0.963 1.174 1.407 1.696 1.015
1.564 1.494 1.386 1.417 1.468 0.874 1.484 0.648 0.651 1.702 0.817 0.963 1.174 1.407 1.696 0.814
0.612 1.494 1.386 1.417 1.468 0.874 1.484 0.648 0.651 1.702 0.817 0.963 1.174 1.407 1.696 1.547
1.069 1.494 1.386 1.417 1.468 0.874 1.484 0.648 0.651 1.702 0.817 0.963 1.174 1.407 1.696 1.208
1.244 1.494 1.386 1.417 1.468 0.874 1.484 0.648 0.651 1.702 0.817 0.963 1.174 1.407 1.696 1.925
0.84 1.494 1.386 1.417 1.468 0.874 1.484 0.648 0.651 1.702 0.817 0.963 1.174 1.407 1.696 1.035
1.18 1.494 1.386 1.417 1.468 0.874 1.484 0.648 0.651 1.702 0.817 0.963 1.174 1.407 1.696 0.933
1.794 1.494 1.386 1.417 1.468 0.874 1.484 0.648 0.651 1.702 0.817 0.963 1.174 1.407 1.696 1.594
1.158 1.494 1.386 1.417 1.468 0.874 1.484 0.648 0.651 1.702 0.817 0.963 1.174 1.407 1.696 1.342
1.909 1.494 1.386 1.417 1.468 0.874 1.484 0.648 0.651 1.702 0.817 0.963 1.174 1.407 1.696 1.656
1.499 1.494 1.386 1.417 1.468 0.874 1.484 0.648 0.651 1.702 0.817 0.963 1.174 1.407 1.696 0.749
0.72 1.494 1.386 1.417 1.468 0.874 1.484 0.648 0.651 1.702 0.817 0.963 1.174 1.407 1.696 0.707
1.76 1.494 1.386 1.417 1.468 0.874 1.484 0.648 0.651 1.702 0.817 0.963 1.174 1.407 1.696 0.611
1.245 1.494 1.386 1.417 1.468 0.874 1.484 0.648 0.651 1.702 0.817 0.963 1.174 1.407 1.696 0.624
1.294 1.494 1.386 1.417 1.468 0.874 1.484 0.648 0.651 1.702 0.817 0.963 1.174 1.407 1.696 0.451
0.492 1.494 1.386 1.417 1.468 0.874 1.484 0.648 0.651 1.702 0.817 0.963 1.174 1.407 1.696 1.271
0.443 1.494 1.386 1.417 1.468 0.874 1.484 0.648 0.651 1.702 0.817 0.963 1.174 1.407 1.696 0.929
1.716 1.494 1.386 1.417 1.468 0.874 1.484 0.648 0.651 1.702 0.817 0.963 1.174 1.407 1.696 1.488
0.886 1.494 1.386 1.417 1.468 0.874 1.484 0.648 0.651 1.702 0.817 0.963 1.174 1.407 1.696 0.79
1.108 1.494 1.386 1.417 1.468 0.874 1.484 0.648 0.651 1.702 0.817 0.963 1.174 1.407 1.696 1.328
1.653 1.494 1.386 1.417 1.468 0.874 1.484 0.648 0.651 1.702 0.817 0.963 1.174 1.407 1.696 1.057
1.053 1.494 1.386 1.417 1.468 0.874 1.484 0.648 0.651 1.702 0.817 0.963 1.174 1.407 1.696 0.904
1.656 1.494 1.386 1.417 1.468 0.874 1.484 0.648 0.651 1.702 0.817 0.963 1.174 1.407 1.696 1.613
1.634 1.494 1.386 1.417 1.468 0.874 1.484 0.648 0.651 1.702 0.817 0.963 1.174 1.407 1.696 1.689
1.608 1.494 1.386 1.417 1.468 0.874 1.484 0.648 0.651 1.702 0.817 0.963 1.174 1.407 1.696 1.722
0.962 1.494 1.386 1.417 1.468 0.874 1.484 0.648 0.651 1.702 0.817 0.963 1.174 1.407 1.696 1.584
1.449 1.494 1.386 1.417 1.468 0.874 1.484 0.648 0.651 1.702 0.817 0.963 1.174 1.407 1.696 1.642
0.394 1.494 1.386 1.417 1.468 0.874 1.484 0.648 0.651 1.702 0.817 0.963 1.174 1.407 1.696 1.228
1.163 1.494 1.386 1.417 1.468 0.874 1.484 0.648 0.651 1.702 0.817 0.963 1.174 1.407 1.696 1.398
1.436 1.494 1.386 1.417 1.468 0.874 1.484 0.648 0.651 1.702 0.817 0.963 1.174 1.407 1.696 0.78
0.723 1.494 1.386 1.417 1.468 0.874 1.484 0.648 0.651 1.702 0.817 0.963 1.174 1.407 1.696 0.595
1.609 1.494 1.386 1.417 1.468 0.874 1.484 0.648 0.651 1.702 0.817 0.963 1.174 1.407 1.696 0.561
1.951 1.494 1.386 1.417 1.468 0.874 1.484 0.648 0.651 1.702 0.817 0.963 1.174 1.407 1.696 0.942
1.432 1.494 1.386 1.417 1.468 0.874 1.484 0.648 0.651 1.702 0.817 0.963 1.174 1.407 1.696 1.562
0.766 1.494 1.386 1.417 1.468 0.874 1.484 0.648 0.651 1.702 0.817 0.963 1.174 1.407 1.696 0.824
1.602 1.494 1.386 1.417 1.468 0.874 1.484 0.648 0.651 1.702 0.817 0.963 1.174 1.407 1.696 0.809
1.227 1.494 1.386 1.417 1.468 0.874 1.484 0.648 0.651 1.702 0.817 0.963 1.174 1.407 1.696 0.961
1.601 1.494 1.386 1.417 1.468 0.874 1.484 0.648 0.651 1.702 0.817 0.963 1.174 1.407 1.696 1.658
0.575 1.494 1.386 1.417 1.468 0.874 1.484 0.648 0.651 1.702 0.817 0.963 1.174 1.407 1.696 1.179
0.635 1.494 1.386 1.417 1.468 0.874 1.484 0.648 0.651 1.702 0.817 0.963 1.174 1.407 1.696 0.512
1.426 1.494 1.386 1.417 1.468 0.874 1.484 0.648 0.651 1.702 0.817 0.963 1.174 1.407 1.696 0.675
1.632 1.494 1.386 1.417 1.468 0.874 1.484 0.648 0.651 1.702 0.817 0.963 1.174 1.407 1.696 1.391
1.689 1.494 1.386 1.417 1.468 0.874 1.484 0.648 0.651 1.702 0.817 0.963 1.174 1.407 1.696 1.498
0.273 1.494 1.386 1.417 1.468 0.874 1.484 0.648 0.651 1.702 0.817 0.963 1.174 1.407 1.696 0.477
1.298 1.494 1.386 1.417 1.468 0.874 1.484 0.648 0.651 1.702 0.817 0.963 1.174 1.407 1.696 1.042
1.031 1.494 1.386 1.417 1.468 0.874 1.484 0.648 0.651 1.702 0.817 0.963 1.174 1.407 1.696 0.78
1.244 1.494 1.386 1.417 1.468 0.874 1.484 0.648 0.651 1.702 0.817 0.963 1.174 1.407 1.696 0.97
1.422 1.494 1.386 1.417 1.468 0.874 1.484 0.648 0.651 1.702 0.817 0.963 1.174 1.407 1.696 0.991
0.709 1.494 1.386 1.417 1.468 0.874 1.484 0.648 0.651 1.702 0.817 0.963 1.174 1.407 1.696 0.517
1.316 1.494 1.386 1.417 1.468 0.874 1.484 0.648 0.651 1.702 0.817 0.963 1.174 1.407 1.696 1.233
0.671 1.494 1.386 1.417 1.468 0.874 1.484 0.648 0.651 1.702 0.817 0.963 1.174 1.407 1.696 0.747
1.345 1.494 1.386 1.417 1.468 0.874 1.484 0.648 0.651 1.702 0.817 0.963 1.174 1.407 1.696 1.153
0.972 1.494 1.386 1.417 1.468 0.874 1.484 0.648 0.651 1.702 0.817 0.963 1.174 1.407 1.696 1.504
1.95 1.494 1.386 1.417 1.468 0.874 1.484 0.648 0.651 1.702 0.817 0.963 1.174 1.407 1.696 1.087
1.646 1.494 1.386 1.417 1.468 0.874 1.484 0.648 0.651 1.702 0.817 0.963 1.174 1.407 1.696 1.59
1.543 1.494 1.386 1.417 1.468 0.874 1.484 0.648 0.651 1.702 0.817 0.963 1.174 1.407 1.696 0.39
0.577 1.494 1.386 1.417 1.468 0.874 1.484 0.648 0.651 1.702 0.817 0.963 1.174 1.407 1.696 1.715
1.562 1.494 1.386 1.417 1.468 0.874 1.484 0.648 0.651 1.702 0.817 0.963 1.174 1.407 1.696 1.564
1.54 1.494 1.386 1.417 1.468 0.874 1.484 0.648 0.651 1.702 0.817 0.963 1.174 1.407 1.696 1.364
1.354 1.494 1.386 1.417 1.468 0.874 1.484 0.648 0.651 1.702 0.817 0.963 1.174 1.407 1.696 1.073
1.054 1.494 1.386 1.417 1.468 0.874 1.484 0.648 0.651 1.702 0.817 0.963 1.174 1.407 1.696 1.165
1.77 1.494 1.386 1.417 1.468 0.874 1.484 0.648 0.651 1.702 0.817 0.963 1.174 1.407 1.696 0.897
1.939 1.494 1.386 1.417 1.468 0.874 1.484 0.648 0.651 1.702 0.817 0.963 1.174 1.407 1.696 1.74
1.227 1.494 1.386 1.417 1.468 0.874 1.484 0.648 0.651 1.702 0.817 0.963 1.174 1.407 1.696 1.156
0.456 1.494 1.386 1.417 1.468 0.874 1.484 0.648 0.651 1.702 0.817 0.963 1.174 1.407 1.696 0.974
1.153 1.494 1.386 1.417 1.468 0.874 1.484 0.648 0.651 1.702 0.817 0.963 1.174 1.407 1.696 0.785
1.582 1.494 1.386 1.417 1.468 0.874 1.484 0.648 0.651 1.702 0.817 0.963 1.174 1.407 1.696 1.219
1.472 1.494 1.386 1.417 1.468 0.874 1.484 0.648 0.651 1.702 0.817 0.963 1.174 1.407 1.696 1.904
0.655 1.494 1.386 1.417 1.468 0.874 1.484 0.648 0.651 1.702 0.817 0.963 1.174 1.407 1.696 1.333
0.922 1.494 1.386 1.417 1.468 0.874 1.484 0.648 0.651 1.702 0.817 0.963 1.174 1.407 1.696 0.881
0.822 1.494 1.386 1.417 1.468 0.874 1.484 0.648 0.651 1.702 0.817 0.963 1.174 1.407 1.696 1.279
0.593 1.494 1.386 1.417 1.468 0.874 1.484 0.648 0.651 1.702 0.817 0.963 1.174 1.407 1.696 0.814
1.663 1.494 1.386 1.417 1.468 0.874 1.484 0.648 0.651 1.702 0.817 0.963 1.174 1.407 1.696 1.86
1.02 1.494 1.386 1.417 1.468 0.874 1.484 0.648 0.651 1.702 0.817 0.963 1.174 1.407 1.696 1.025
0.644 1.494 1.386 1.417 1.468 0.874 1.484 0.648 0.651 1.702 0.817 0.963 1.174 1.407 1.696 0.436
1.009 1.494 1.386 1.417 1.468 0.874 1.484 0.648 0.651 1.702 0.817 0.963 1.174 1.407 1.696 1.545
1.623 1.494 1.386 1.417 1.468 0.874 1.484 0.648 0.651 1.702 0.817 0.963 1.174 1.407 1.696 1.449
0.83 1.494 1.386 1.417 1.468 0.874 1.484 0.648 0.651 1.702 0.817 0.963 1.174 1.407 1.696 1.275
0.783 1.494 1.386 1.417 1.468 0.874 1.484 0.648 0.651 1.702 0.817 0.963 1.174 1.407 1.696 1.597
0.462 1.494 1.386 1.417 1.468 0.874 1.484 0.648 0.651 1.702 0.817 0.963 1.174 1.407 1.696 0.658
1.046 1.494 1.386 1.417 1.468 0.874 1.484 0.648 0.651 1.702 0.817 0.963 1.174 1.407 1.696 1.739
1.181 1.494 1.386 1.417 1.468 0.874 1.484 0.648 0.651 1.702 0.817 0.963 1.174 1.407 1.696 1.454
1.722 1.494 1.386 1.417 1.468 0.874 1.484 0.648 0.651 1.702 0.817 0.963 1.174 1.407 1.696 0.988
1.593 1.494 1.386 1.417 1.468 0.874 1.484 0.648 0.651 1.702 0.817 0.963 1.174 1.407 1.696 0.815
0.604 1.494 1.386 1.417 1.468 0.874 1.484 0.648 0.651 1.702 0.817 0.963 1.174 1.407 1.696 1.847
1.666 1.494 1.386 1.417 1.468 0.874 1.484 0.648 0.651 1.702 0.817 0.963 1.174 1.407 1.696 0.909
0.845 1.494 1.386 1.417 1.468 0.874 1.484 0.648 0.651 1.702 0.817 0.963 1.174 1.407 1.696 1.212
0.512 1.494 1.386 1.417 1.468 0.874 1.484 0.648 0.651 1.702 0.817 0.963 1.174 1.407 1.696 1.543
0.672 1.494 1.386 1.417 1.468 0.874 1.484 0.648 0.651 1.702 0.817 0.963 1.174 1.407 1.696 1.243
1.715 1.494 1.386 1.417 1.468 0.874 1.484 0.648 0.651 1.702 0.817 0.963 1.174 1.407 1.696 0.475
1.391 1.494 1.386 1.417 1.468 0.874 1.484 0.648 0.651 1.702 0.817 0.963 1.174 1.407 1.696 1.05
1.571 1.494 1.386 1.417 1.468 0.874 1.484 0.648 0.651 1.702 0.817 0.963 1.174 1.407 1.696 1.55
1.853 1.494 1.386 1.417 1.468 0.874 1.484 0.648 0.651 1.702 0.817 0.963 1.174 1.407 1.696 1.417
1.203 1.494 1.386 1.417 1.468 0.874 1.484 0.648 0.651 1.702 0.817 0.963 1.174 1.407 1.696 0.619
0.923 1.494 1.386 1.417 1.468 0.874 1.484 0.648 0.651 1.702 0.817 0.963 1.174 1.407 1.696 0.647
1.472 1.494 1.386 1.417 1.468 0.874 1.484 0.648 0.651 1.702 0.817 0.963 1.174 1.407 1.696 0.777
0.599 1.494 1.386 1.417 1.468 0.874 1.484 0.648 0.651 1.702 0.817 0.963 1.174 1.407 1.696 1.607
0.677 1.494 1.386 1.417 1.468 0.874 1.484 0.648 0.651 1.702 0.817 0.963 1.174 1.407 1.696 0.386
1.627 1.494 1.386 1.417 1.468 0.874 1.484 0.648 0.651 1.702 0.817 0.963 1.174 1.407 1.696 1.346
1.891 1.494 1.386 1.417 1.468 0.874 1.484 0.648 0.651 1.702 0.817 0.963 1.174 1.407 1.696 0.774
0.538 1.494 1.386 1.417 1.468 0.874 1.484 0.648 0.651 1.702 0.817 0.963 1.174 1.407 1.696 1.583
0.906 1.494 1.386 1.417 1.468 0.874 1.484 0.648 0.651 1.702 0.817 0.963 1.174 1.407 1.696 0.853
1.423 1.494 1.386 1.417 1.468 0.874 1.484 0.648 0.651 1.702 0.817 0.963 1.174 1.407 1.696 1.418
1.507 1.494 1.386 1.417 1.468 0.874 1.484 0.648 0.651 1.702 0.817 0.963 1.174 1.407 1.696 1.463
0.6 1.494 1.386 1.417 1.468 0.874 1.484 0.648 0.651 1.702 0.817 0.963 1.174 1.407 1.696 1.881
0.644 1.494 1.386 1.417 1.468 0.874 1.484 0.648 0.651 1.702 0.817 0.963 1.174 1.407 1.696 1.491
1.009 1.494 1.386 1.417 1.468 0.874 1.484 0.648 0.651 1.702 0.817 0.963 1.174 1.407 1.696 1.343
1.376 1.494 1.386 1.417 1.468 0.874 1.484 0.648 0.651 1.702 0.817 0.963 1.174 1.407 1.696 1.23
1.606 1.494 1.386 1.417 1.468 0.874 1.484 0.648 0.651 1.702 0.817 0.963 1.174 1.407 1.696 1.409
1.429 1.494 1.386 1.417 1.468 0.874 1.484 0.648 0.651 1.702 0.817 0.963 1.174 1.407 1.696 1.152
1.669 1.494 1.386 1.417 1.468 0.874 1.484 0.648 0.651 1.702 0.817 0.963 1.174 1.407 1.696 0.962
1.184 1.494 1.386 1.417 1.468 0.874 1.484 0.648 0.651 1.702 0.817 0.963 1.174 1.407 1.696 1.463
1.532 1.494 1.386 1.417 1.468 0.874 1.484 0.648 0.651 1.702 0.817 0.963 1.174 1.407 1.696 0.621
1.399 1.494 1.386 1.417 1.468 0.874 1.484 0.648 0.651 1.702 0.817 0.963 1.174 1.407 1.696 1.893
1.836 1.494 1.386 1.417 1.468 0.874 1.484 0.648 0.651 1.702 0.817 0.963 1.174 1.407 1.696 1.87
1.763 1.494 1.386 1.417 1.468 0.874 1.484 0.648 0.651 1.702 0.817 0.963 1.174 1.407 1.696 1.612
1.371 1.494 1.386 1.417 1.468 0.874 1.484 0.648 0.651 1.702 0.817 0.963 1.174 1.407 1.696 1.745
1.718 1.494 1.386 1.417 1.468 0.874 1.484 0.648 0.651 1.702 0.817 0.963 1.174 1.407 1.696 0.73
0.695 1.494 1.386 1.417 1.468 0.874 1.484 0.648 0.651 1.702 0.817 0.963 1.174 1.407 1.696 1.161
1.337 1.494 1.386 1.417 1.468 0.874 1.484 0.648 0.651 1.702 0.817 0.963 1.174 1.407 1.696 0.668
1.825 1.494 1.386 1.417 1.468 0.874 1.484 0.648 0.651 1.702 0.817 0.963 1.174 1.407 1.696 1.537
1.768 1.494 1.386 1.417 1.468 0.874 1.484 0.648 0.651 1.702 0.817 0.963 1.174 1.407 1.696 1.261
0.753 1.494 1.386 1.417 1.468 0.874 1.484 0.648 0.651 1.702 0.817 0.963 1.174 1.407 1.696 1.072
1.531 1.494 1.386 1.417 1.468 0.874 1.484 0.648 0.651 1.702 0.817 0.963 1.174 1.407 1.696 1.399
1.263 1.494 1.386 1.417 1.468 0.874 1.484 0.648 0.651 1.702 0.817 0.963 1.174 1.407 1.696 0.76
0.93 1.494 1.386 1.417 1.468 0.874 1.484 0.648 0.651 1.702 0.817 0.963 1.174 1.407 1.696 1.297
1.33 1.494 1.386 1.417 1.468 0.874 1.484 0.648 0.651 1.702 0.817 0.963 1.174 1.407 1.696 0.855
1.032 1.494 1.386 1.417 1.468 0.874 1.484 0.648 0.651 1.702 0.817 0.963 1.174 1.407 1.696 1.559
1.087 1.494 1.386 1.417 1.468 0.874 1.484 0.648 0.651 1.702 0.817 0.963 1.174 1.407 1.696 1.163
1.736 1.494 1.386 1.417 1.468 0.874 1.484 0.648 0.651 1.702 0.817 0.963 1.174 1.407 1.696 1.681
1.498 1.494 1.386 1.417 1.468 0.874 1.484 0.648 0.651 1.702 0.817 0.963 1.174 1.407 1.696 0.508
1.048 1.494 1.386 1.417 1.468 0.874 1.484 0.648 0.651 1.702 0.817 0.963 1.174 1.407 1.696 1.165
1.309 1.494 1.386 1.417 1.468 0.874 1.484 0.648 0.651 1.702 0.817 0.963 1.174 1.407 1.696 1.158
0.409 1.494 1.386 1.417 1.468 0.874 1.484 0.648 0.651 1.702 0.817 0.963 1.174 1.407 1.696 1.264
1.28 1.494 1.386 1.417 1.468 0.874 1.484 0.648 0.651 1.702 0.817 0.963 1.174 1.407 1.696 1.508
1.521 1.494 1.386 1.417 1.468 0.874 1.484 0.648 0.651 1.702 0.817 0.963 1.174 1.407 1.696 1.581
0.924 1.494 1.386 1.417 1.468 0.874 1.484 0.648 0.651 1.702 0.817 0.963 1.174 1.407 1.696 1.323
1.682 1.494 1.386 1.417 1.468 0.874 1.484 0.648 0.651 1.702 0.817 0.963 1.174 1.407 1.696 0.511
1.428 1.494 1.386 1.417 1.468 0.874 1.484 0.648 0.651 1.702 0.817 0.963 1.174 1.407 1.696 1.498
1.01 1.494 1.386 1.417 1.468 0.874 1.484 0.648 0.651 1.702 0.817 0.963 1.174 1.407 1.696 1.337
1.466 1.494 1.386 1.417 1.468 0.874 1.484 0.648 0.651 1.702 0.817 0.963 1.174 1.407 1.696 0.632
1.197 1.494 1.386 1.417 1.468 0.874 1.484 0.648 0.651 1.702 0.817 0.963 1.174 1.407 1.696 1.36
0.777 1.494 1.386 1.417 1.468 0.874 1.484 0.648 0.651 1.702 0.817 0.963 1.174 1.407 1.696 0.702
0.837 1.494 1.386 1.417 1.468 0.874 1.484 0.648 0.651 1.702 0.817 0.963 1.174 1.407 1.696 1.349
0.641 1.494 1.386 1.417 1.468 0.874 1.484 0.648 0.651 1.702 0.817 0.963 1.174 1.407 1.696 1.73
1.41 1.494 1.386 1.417 1.468 0.874 1.484 0.648 0.651 1.702 0.817 0.963 1.174 1.407 1.696 0.932
0.897 1.494 1.386 1.417 1.468 0.874 1.484 0.648 0.651 1.702 0.817 0.963 1.174 1.407 1.696 1.156
1.568 1.494 1.386 1.417 1.468 0.874 1.484 0.648 0.651 1.702 0.817 0.963 1.174 1.407 1.696 0.629
0.354 1.494 1.386 1.417 1.468 0.874 1.484 0.648 0.651 1.702 0.817 0.963 1.174 1.407 1.696 0.919
1.13 1.494 1.386 1.417 1.468 0.874 1.484 0.648 0.651 1.702 0.817 0.963 1.174 1.407 1.696 0.661
1.722 1.494 1.386 1.417 1.468 0.874 1.484 0.648 0.651 1.702 0.817 0.963 1.174 1.407 1.696 1.55
1.11 1.494 1.386 1.417 1.468 0.874 1.484 0.648 0.651 1.702 0.817 0.963 1.174 1.407 1.696 1.668
1.665 1.494 1.386 1.417 1.468 0.874 1.484 0.648 0.651 1.702 0.817 0.963 1.174 1.407 1.696 0.711
1.604 1.494 1.386 1.417 1.468 0.874 1.484 0.648 0.651 1.702 0.817 0.963 1.174 1.407 1.696 0.9
1.823 1.494 1.386 1.417 1.468 0.874 1.484 0.648 0.651 1.702 0.817 0.963 1.174 1.407 1.696 1.03
1.279 1.494 1.386 1.417 1.468 0.874 1.484 0.648 0.651 1.702 0.817 0.963 1.174 1.407 1.696 1.026
0.839 1.494 1.386 1.417 1.468 0.874 1.484 0.648 0.651 1.702 0.817 0.963 1.174 1.407 1.696 1.638
0.59 1.494 1.386 1.417 1.468 0.874 1.484 0.648 0.651 1.702 0.817 0.963 1.174 1.407 1.696 1.625
1.784 1.494 1.386 1.417 1.468 0.874 1.484 0.648 0.651 1.702 0.817 0.963 1.174 1.407 1.696 1.306
0.574 1.494 1.386 1.417 1.468 0.874 1.484 0.648 0.651 1.702 0.817 0.963 1.174 1.407 1.696 0.716
0.857 1.494 1.386 1.417 1.468 0.874 1.484 0.648 0.651 1.702 0.817 0.963 1.174 1.407 1.696 1.726
1.805 1.494 1.386 1.417 1.468 0.874 1.484 0.648 0.651 1.702 0.817 0.963 1.174 1.407 1.696 1.963
1.467 1.494 1.386 1.417 1.468 0.874 1.484 0.648 0.651 1.702 0.817 0.963 1.174 1.407 1.696 1.352
1.564 1.494 1.386 1.417 1.468 0.874 1.484 0.648 0.651 1.702 0.817 0.963 1.174 1.407 1.696 1.35
1.068 1.494 1.386 1.417 1.468 0.874 1.484 0.648 0.651 1.702 0.817 0.963 1.174 1.407 1.696 0.766
1.534 1.494 1.386 1.417 1.468 0.874 1.484 0.648 0.651 1.702 0.817 0.963 1.174 1.407 1.696 0.931
1.369 1.494 1.386 1.417 1.468 0.874 1.484 0.648 0.651 1.702 0.817 0.963 1.174 1.407 1.696 1.084
1.509 1.494 1.386 1.417 1.468 0.874 1.484 0.648 0.651 1.702 0.817 0.963 1.174 1.407 1.696 0.63
0.496 1.494 1.386 1.417 1.468 0.874 1.484 0.648 0.651 1.702 0.817 0.963 1.174 1.407 1.696 1.659
1.172 1.494 1.386 1.417 1.468 0.874 1.484 0.648 0.651 1.702 0.817 0.963 1.174 1.407 1.696 1.637
1.478 1.494 1.386 1.417 1.468 0.874 1.484 0.648 0.651 1.702 0.817 0.963 1.174 1.407 1.696 0.904
1.435 1.494 1.386 1.417 1.468 0.874 1.484 0.648 0.651 1.702 0.817 0.963 1.174 1.407 1.696 0.768
1.669 1.494 1.386 1.417 1.468 0.874 1.484 0.648 0.651 1.702 0.817 0.963 1.174 1.407 1.696 1.574
0.792 1.494 1.386 1.417 1.468 0.874 1.484 0.648 0.651 1.702 0.817 0.963 1.174 1.407 1.696 1.184
1.723 1.494 1.386 1.417 1.468 0.874 1.484 0.648 0.651 1.702 0.817 0.963 1.174 1.407 1.696 0.394
1.452 1.494 1.386 1.417 1.468 0.874 1.484 0.648 0.651 1.702 0.817 0.963 1.174 1.407 1.696 0.76
1.513 1.494 1.386 1.417 1.468 0.874 1.484 0.648 0.651 1.702 0.817 0.963 1.174 1.407 1.696 0.521
1.304 1.494 1.386 1.417 1.468 0.874 1.484 0.648 0.651 1.702 0.817 0.963 1.174 1.407 1.696 1.535
1.573 1.494 1.386 1.417 1.468 0.874 1.484 0.648 0.651 1.702 0.817 0.963 1.174 1.407 1.696 1.187
0.578 1.494 1.386 1.417 1.468 0.874 1.484 0.648 0.651 1.702 0.817 0.963 1.174 1.407 1.696 1.5
1.593 1.494 1.386 1.417 1.468 0.874 1.484 0.648 0.651 1.702 0.817 0.963 1.174 1.407 1.696 0.753
0.787 1.494 1.386 1.417 1.468 0.874 1.484 0.648 0.651 1.702 0.817 0.963 1.174 1.407 1.696 0.705
1.629 1.494 1.386 1.417 1.468 0.874 1.484 0.648 0.651 1.702 0.817 0.963 1.174 1.407 1.696 0.58
1.735 1.494 1.386 1.417 1.468 0.874 1.484 0.648 0.651 1.702 0.817 0.963 1.174 1.407 1.696 1.304
1.729 1.494 1.386 1.417 1.468 0.874 1.484 0.648 0.651 1.702 0.817 0.963 1.174 1.407 1.696 1.515
1.616 1.494 1.386 1.417 1.468 0.874 1.484 0.648 0.651 1.702 0.817 0.963 1.174 1.407 1.696 1.422
1.803 1.494 1.386 1.417 1.468 0.874 1.484 0.648 0.651 1.702 0.817 0.963 1.174 1.407 1.696 1.695
1.767 1.494 1.386 1.417 1.468 0.874 1.484 0.648 0.651 1.702 0.817 0.963 1.174 1.407 1.696 1.691
1.588 1.494 1.386 1.417 1.468 0.874 1.484 0.648 0.651 1.702 0.817 0.963 1.174 1.407 1.696 1.809
1.423 1.494 1.386 1.417 1.468 0.874 1.484 0.648 0.651 1.702 0.817 0.963 1.174 1.407 1.696 2.012
1.317 1.494 1.386 1.417 1.468 0.874 1.484 0.648 0.651 1.702 0.817 0.963 1.174 1.407 1.696 1.177
