0.753 1.403 1.07 0.61 0.701 1.229 1.402 0.93 0.993 0.92 0.996 1.281 1.409 1.294 1.151 0.657
1.429 1.403 1.07 0.61 0.701 1.229 1.402 0.93 0.993 0.92 0.996 1.281 1.409 1.294 1.151 1.138
0.961 1.403 1.07 0.61 0.701 1.229 1.402 0.93 0.993 0.92 0.996 1.281 1.409 1.294 1.151 0.529
0.895 1.403 1.07 0.61 0.701 1.229 1.402 0.93 0.993 0.92 0.996 1.281 1.409 1.294 1.151 1.515
1.14 1.403 1.07 0.61 0.701 1.229 1.402 0.93 0.993 0.92 0.996 1.281 1.409 1.294 1.151 1.011
1.069 1.403 1.07 0.61 0.701 1.229 1.402 0.93 0.993 0.92 0.996 1.281 1.409 1.294 1.151 0.911
1.04 1.403 1.07 0.61 0.701 1.229 1.402 0.93 0.993 0.92 0.996 1.281 1.409 1.294 1.151 1.17
1.65 1.403 1.07 0.61 0.701 1.229 1.402 0.93 0.993 0.92 0.996 1.281 1.409 1.294 1.151 0.738
1.191 1.403 1.07 0.61 0.701 1.229 1.402 0.93 0.993 0.92 0.996 1.281 1.409 1.294 1.151 1.258
1.439 1.403 1.07 0.61 0.701 1.229 1.402 0.93 0.993 0.92 0.996 1.281 1.409 1.294 1.151 1.026
1.557 1.403 1.07 0.61 0.701 1.229 1.402 0.93 0.993 0.92 0.996 1.281 1.409 1.294 1.151 1.062
0.819 1.403 1.07 0.61 0.701 1.229 1.402 0.93 0.993 0.92 0.996 1.281 1.409 1.294 1.151 1.689
0.697 1.403 1.07 0.61 0.701 1.229 1.402 0.93 0.993 0.92 0.996 1.281 1.409 1.294 1.151 1.011
0.818 1.403 1.07 0.61 0.701 1.229 1.402 0.93 0.993 0.92 0.996 1.281 1.409 1.294 1.151 1.254
0.985 1.403 1.07 0.61 0.701 1.229 1.402 0.93 0.993 0.92 0.996 1.281 1.409 1.294 1.151 1.069
1.095 1.403 1.07 0.61 0.701 1.229 1.402 0.93 0.993 0.92 0.996 1.281 1.409 1.294 1.151 1.149
1.042 1.403 1.07 0.61 0.701 1.229 1.402 0.93 0.993 0.92 0.996 1.281 1.409 1.294 1.151 1.441
0.436 1.403 1.07 0.61 0.701 1.229 1.402 0.93 0.993 0.92 0.996 1.281 1.409 1.294 1.151 1.281
0.739 1.403 1.07 0.61 0.701 1.229 1.402 0.93 0.993 0.92 0.996 1.281 1.409 1.294 1.151 0.94
0.853 1.403 1.07 0.61 0.701 1.229 1.402 0.93 0.993 0.92 0.996 1.281 1.409 1.294 1.151 0.65
1.335 1.403 1.07 0.61 0.701 1.229 1.402 0.93 0.993 0.92 0.996 1.281 1.409 1.294 1.151 1.252
1.099 1.403 1.07 0.61 0.701 1.229 1.402 0.93 0.993 0.92 0.996 1.281 1.409 1.294 1.151 0.558
1.124 1.403 1.07 0.61 0.701 1.229 1.402 0.93 0.993 0.92 0.996 1.281 1.409 1.294 1.151 0.932
1.506 1.403 1.07 0.61 0.701 1.229 1.402 0.93 0.993 0.92 0.996 1.281 1.409 1.294 1.151 1.034
0.992 1.403 1.07 0.61 0.701 1.229 1.402 0.93 0.993 0.92 0.996 1.281 1.409 1.294 1.151 0.934
1.359 1.403 1.07 0.61 0.701 1.229 1.402 0.93 0.993 0.92 0.996 1.281 1.409 1.294 1.151 0.874
1.09 1.403 1.07 0.61 0.701 1.229 1.402 0.93 0.993 0.92 0.996 1.281 1.409 1.294 1.151 0.819
0.684 1.403 1.07 0.61 0.701 1.229 1.402 0.93 0.993 0.92 0.996 1.281 1.409 1.294 1.151 1.396
1.228 1.403 1.07 0.61 0.701 1.229 1.402 0.93 0.993 0.92 0.996 1.281 1.409 1.294 1.151 1.567
0.841 1.403 1.07 0.61 0.701 1.229 1.402 0.93 0.993 0.92 0.996 1.281 1.409 1.294 1.151 0.866
0.384 1.403 1.07 0.61 0.701 1.229 1.402 0.93 0.993 0.92 0.996 1.281 1.409 1.294 1.151 0.85
0.92 1.403 1.07 0.61 0.701 1.229 1.402 0.93 0.993 0.92 0.996 1.281 1.409 1.294 1.151 1.299
1.082 1.403 1.07 0.61 0.701 1.229 1.402 0.93 0.993 0.92 0.996 1.281 1.409 1.294 1.151 1.086
0.382 1.403 1.07 0.61 0.701 1.229 1.402 0.93 0.993 0.92 0.996 1.281 1.409 1.294 1.151 0.961
1.417 1.403 1.07 0.61 0.701 1.229 1.402 0.93 0.993 0.92 0.996 1.281 1.409 1.294 1.151 0.911
1.075 1.403 1.07 0.61 0.701 1.229 1.402 0.93 0.993 0.92 0.996 1.281 1.409 1.294 1.151 0.452
0.707 1.403 1.07 0.61 0.701 1.229 1.402 0.93 0.993 0.92 0.996 1.281 1.409 1.294 1.151 1.284
1.046 1.403 1.07 0.61 0.701 1.229 1.402 0.93 0.993 0.92 0.996 1.281 1.409 1.294 1.151 1.343
1.575 1.403 1.07 0.61 0.701 1.229 1.402 0.93 0.993 0.92 0.996 1.281 1.409 1.294 1.151 1.065
0.479 1.403 1.07 0.61 0.701 1.229 1.402 0.93 0.993 0.92 0.996 1.281 1.409 1.294 1.151 0.919
1.424 1.403 1.07 0.61 0.701 1.229 1.402 0.93 0.993 0.92 0.996 1.281 1.409 1.294 1.151 0.795
1.188 1.403 1.07 0.61 0.701 1.229 1.402 0.93 0.993 0.92 0.996 1.281 1.409 1.294 1.151 1.558
0.758 1.403 1.07 0.61 0.701 1.229 1.402 0.93 0.993 0.92 0.996 1.281 1.409 1.294 1.151 0.709
0.507 1.403 1.07 0.61 0.701 1.229 1.402 0.93 0.993 0.92 0.996 1.281 1.409 1.294 1.151 1.27
1.568 1.403 1.07 0.61 0.701 1.229 1.402 0.93 0.993 0.92 0.996 1.281 1.409 1.294 1.151 0.855
0.987 1.403 1.07 0.61 0.701 1.229 1.402 0.93 0.993 0.92 0.996 1.281 1.409 1.294 1.151 0.993
1.389 1.403 1.07 0.61 0.701 1.229 1.402 0.93 0.993 0.92 0.996 1.281 1.409 1.294 1.151 1.103
0.936 1.403 1.07 0.61 0.701 1.229 1.402 0.93 0.993 0.92 0.996 1.281 1.409 1.294 1.151 0.959
1.203 1.403 1.07 0.61 0.701 1.229 1.402 0.93 0.993 0.92 0.996 1.281 1.409 1.294 1.151 1.216
1.01 1.403 1.07 0.61 0.701 1.229 1.402 0.93 0.993 0.92 0.996 1.281 1.409 1.294 1.151 0.765
0.91 1.403 1.07 0.61 0.701 1.229 1.402 0.93 0.993 0.92 0.996 1.281 1.409 1.294 1.151 0.508
1.201 1.403 1.07 0.61 0.701 1.229 1.402 0.93 0.993 0.92 0.996 1.281 1.409 1.294 1.151 1.521
0.959 1.403 1.07 0.61 0.701 1.229 1.402 0.93 0.993 0.92 0.996 1.281 1.409 1.294 1.151 1.632
0.678 1.403 1.07 0.61 0.701 1.229 1.402 0.93 0.993 0.92 0.996 1.281 1.409 1.294 1.151 0.901
0.637 1.403 1.07 0.61 0.701 1.229 1.402 0.93 0.993 0.92 0.996 1.281 1.409 1.294 1.151 1.116
1.64 1.403 1.07 0.61 0.701 1.229 1.402 0.93 0.993 0.92 0.996 1.281 1.409 1.294 1.151 1.644
0.367 1.403 1.07 0.61 0.701 1.229 1.402 0.93 0.993 0.92 0.996 1.281 1.409 1.294 1.151 0.944
1.111 1.403 1.07 0.61 0.701 1.229 1.402 0.93 0.993 0.92 0.996 1.281 1.409 1.294 1.151 1.426
1.202 1.403 1.07 0.61 0.701 1.229 1.402 0.93 0.993 0.92 0.996 1.281 1.409 1.294 1.151 1.031
1.535 1.403 1.07 0.61 0.701 1.229 1.402 0.93 0.993 0.92 0.996 1.281 1.409 1.294 1.151 0.576
1.342 1.403 1.07 0.61 0.701 1.229 1.402 0.93 0.993 0.92 0.996 1.281 1.409 1.294 1.151 1.249
1.294 1.403 1.07 0.61 0.701 1.229 1.402 0.93 0.993 0.92 0.996 1.281 1.409 1.294 1.151 1.276
1.046 1.403 1.07 0.61 0.701 1.229 1.402 0.93 0.993 0.92 0.996 1.281 1.409 1.294 1.151 0.952
0.878 1.403 1.07 0.61 0.701 1.229 1.402 0.93 0.993 0.92 0.996 1.281 1.409 1.294 1.151 1.029
1.389 1.403 1.07 0.61 0.701 1.229 1.402 0.93 0.993 0.92 0.996 1.281 1.409 1.294 1.151 0.945
1.216 1.403 1.07 0.61 0.701 1.229 1.402 0.93 0.993 0.92 0.996 1.281 1.409 1.294 1.151 0.988
0.834 1.403 1.07 0.61 0.701 1.229 1.402 0.93 0.993 0.92 0.996 1.281 1.409 1.294 1.151 0.945
1.044 1.403 1.07 0.61 0.701 1.229 1.402 0.93 0.993 0.92 0.996 1.281 1.409 1.294 1.151 1.194
1.314 1.403 1.07 0.61 0.701 1.229 1.402 0.93 0.993 0.92 0.996 1.281 1.409 1.294 1.151 0.537
1.05 1.403 1.07 0.61 0.701 1.229 1.402 0.93 0.993 0.92 0.996 1.281 1.409 1.294 1.151 1.293
0.689 1.403 1.07 0.61 0.701 1.229 1.402 0.93 0.993 0.92 0.996 1.281 1.409 1.294 1.151 1.008
0.43 1.403 1.07 0.61 0.701 1.229 1.402 0.93 0.993 0.92 0.996 1.281 1.409 1.294 1.151 0.513
0.462 1.403 1.07 0.61 0.701 1.229 1.402 0.93 0.993 0.92 0.996 1.281 1.409 1.294 1.151 0.811
0.94 1.403 1.07 0.61 0.701 1.229 1.402 0.93 0.993 0.92 0.996 1.281 1.409 1.294 1.151 1.431
1.591 1.403 1.07 0.61 0.701 1.229 1.402 0.93 0.993 0.92 0.996 1.281 1.409 1.294 1.151 1.385
1.251 1.403 1.07 0.61 0.701 1.229 1.402 0.93 0.993 0.92 0.996 1.281 1.409 1.294 1.151 1.46
0.831 1.403 1.07 0.61 0.701 1.229 1.402 0.93 0.993 0.92 0.996 1.281 1.409 1.294 1.151 1.521
1.138 1.403 1.07 0.61 0.701 1.229 1.402 0.93 0.993 0.92 0.996 1.281 1.409 1.294 1.151 1.484
1.067 1.403 1.07 0.61 0.701 1.229 1.402 0.93 0.993 0.92 0.996 1.281 1.409 1.294 1.151 1.646
0.902 1.403 1.07 0.61 0.701 1.229 1.402 0.93 0.993 0.92 0.996 1.281 1.409 1.294 1.151 0.605
1.045 1.403 1.07 0.61 0.701 1.229 1.402 0.93 0.993 0.92 0.996 1.281 1.409 1.294 1.151 1.108
1.33 1.403 1.07 0.61 0.701 1.229 1.402 0.93 0.993 0.92 0.996 1.281 1.409 1.294 1.151 1.579
0.855 1.403 1.07 0.61 0.701 1.229 1.402 0.93 0.993 0.92 0.996 1.281 1.409 1.294 1.151 1.259
1.204 1.403 1.07 0.61 0.701 1.229 1.402 0.93 0.993 0.92 0.996 1.281 1.409 1.294 1.151 0.674
0.871 1.403 1.07 0.61 0.701 1.229 1.402 0.93 0.993 0.92 0.996 1.281 1.409 1.294 1.151 1.598
1.313 1.403 1.07 0.61 0.701 1.229 1.402 0.93 0.993 0.92 0.996 1.281 1.409 1.294 1.151 1.618
0.749 1.403 1.07 0.61 0.701 1.229 1.402 0.93 0.993 0.92 0.996 1.281 1.409 1.294 1.151 0.942
1.276 1.403 1.07 0.61 0.701 1.229 1.402 0.93 0.993 0.92 0.996 1.281 1.409 1.294 1.151 1.257
1.232 1.403 1.07 0.61 0.701 1.229 1.402 0.93 0.993 0.92 0.996 1.281 1.409 1.294 1.151 0.861
0.907 1.403 1.07 0.61 0.701 1.229 1.402 0.93 0.993 0.92 0.996 1.281 1.409 1.294 1.151 1.292
1.195 1.403 1.07 0.61 0.701 1.229 1.402 0.93 0.993 0.92 0.996 1.281 1.409 1.294 1.151 1.476
1.099 1.403 1.07 0.61 0.701 1.229 1.402 0.93 0.993 0.92 0.996 1.281 1.409 1.294 1.151 1.019
0.544 1.403 1.07 0.61 0.701 1.229 1.402 0.93 0.993 0.92 0.996 1.281 1.409 1.294 1.151 1.212
0.779 1.403 1.07 0.61 0.701 1.229 1.402 0.93 0.993 0.92 0.996 1.281 1.409 1.294 1.151 1.172
1.116 1.403 1.07 0.61 0.701 1.229 1.402 0.93 0.993 0.92 0.996 1.281 1.409 1.294 1.151 1.187
0.803 1.403 1.07 0.61 0.701 1.229 1.402 0.93 0.993 0.92 0.996 1.281 1.409 1.294 1.151 1.521
0.943 1.403 1.07 0.61 0.701 1.229 1.402 0.93 0.993 0.92 0.996 1.281 1.409 1.294 1.151 1.154
1.154 1.403 1.07 0.61 0.701 1.229 1.402 0.93 0.993 0.92 0.996 1.281 1.409 1.294 1.151 1.478
1.438 1.403 1.07 0.61 0.701 1.229 1.402 0.93 0.993 0.92 0.996 1.281 1.409 1.294 1.151 0.907
0.727 1.403 1.07 0.61 0.701 1.229 1.402 0.93 0.993 0.92 0.996 1.281 1.409 1.294 1.151 1.401
1.335 1.403 1.07 0.61 0.701 1.229 1.402 0.93 0.993 0.92 0.996 1.281 1.409 1.294 1.151 0.5
1.119 1.403 1.07 0.61 0.701 1.229 1.402 0.93 0.993 0.92 0.996 1.281 1.409 1.294 1.151 1.087
1.186 1.403 1.07 0.61 0.701 1.229 1.402 0.93 0.993 0.92 0.996 1.281 1.409 1.294 1.151 1.355
1.118 1.403 1.07 0.61 0.701 1.229 1.402 0.93 0.993 0.92 0.996 1.281 1.409 1.294 1.151 0.936
1.556 1.403 1.07 0.61 0.701 1.229 1.402 0.93 0.993 0.92 0.996 1.281 1.409 1.294 1.151 0.965
1.058 1.403 1.07 0.61 0.701 1.229 1.402 0.93 0.993 0.92 0.996 1.281 1.409 1.294 1.151 1.009
0.993 1.403 1.07 0.61 0.701 1.229 1.402 0.93 0.993 0.92 0.996 1.281 1.409 1.294 1.151 1.162
0.936 1.403 1.07 0.61 0.701 1.229 1.402 0.93 0.993 0.92 0.996 1.281 1.409 1.294 1.151 1.667
0.624 1.403 1.07 0.61 0.701 1.229 1.402 0.93 0.993 0.92 0.996 1.281 1.409 1.294 1.151 0.627
1.018 1.403 1.07 0.61 0.701 1.229 1.402 0.93 0.993 0.92 0.996 1.281 1.409 1.294 1.151 0.989
1.597 1.403 1.07 0.61 0.701 1.229 1.402 0.93 0.993 0.92 0.996 1.281 1.409 1.294 1.151 1.057
1.097 1.403 1.07 0.61 0.701 1.229 1.402 0.93 0.993 0.92 0.996 1.281 1.409 1.294 1.151 1.1
1.482 1.403 1.07 0.61 0.701 1.229 1.402 0.93 0.993 0.92 0.996 1.281 1.409 1.294 1.151 1.411
0.643 1.403 1.07 0.61 0.701 1.229 1.402 0.93 0.993 0.92 0.996 1.281 1.409 1.294 1.151 1.112
1.66 1.403 1.07 0.61 0.701 1.229 1.402 0.93 0.993 0.92 0.996 1.281 1.409 1.294 1.151 1.273
0.299 1.403 1.07 0.61 0.701 1.229 1.402 0.93 0.993 0.92 0.996 1.281 1.409 1.294 1.151 1.534
1.624 1.403 1.07 0.61 0.701 1.229 1.402 0.93 0.993 0.92 0.996 1.281 1.409 1.294 1.151 0.425
1.524 1.403 1.07 0.61 0.701 1.229 1.402 0.93 0.993 0.92 0.996 1.281 1.409 1.294 1.151 0.838
0.527 1.403 1.07 0.61 0.701 1.229 1.402 0.93 0.993 0.92 0.996 1.281 1.409 1.294 1.151 1.379
1.341 1.403 1.07 0.61 0.701 1.229 1.402 0.93 0.993 0.92 0.996 1.281 1.409 1.294 1.151 0.952
1.3 1.403 1.07 0.61 0.701 1.229 1.402 0.93 0.993 0.92 0.996 1.281 1.409 1.294 1.151 0.885
1.616 1.403 1.07 0.61 0.701 1.229 1.402 0.93 0.993 0.92 0.996 1.281 1.409 1.294 1.151 1.704
1.069 1.403 1.07 0.61 0.701 1.229 1.402 0.93 0.993 0.92 0.996 1.281 1.409 1.294 1.151 0.706
1.419 1.403 1.07 0.61 0.701 1.229 1.402 0.93 0.993 0.92 0.996 1.281 1.409 1.294 1.151 0.829
0.722 1.403 1.07 0.61 0.701 1.229 1.402 0.93 0.993 0.92 0.996 1.281 1.409 1.294 1.151 0.44
0.431 1.403 1.07 0.61 0.701 1.229 1.402 0.93 0.993 0.92 0.996 1.281 1.409 1.294 1.151 1.078
1.047 1.403 1.07 0.61 0.701 1.229 1.402 0.93 0.993 0.92 0.996 1.281 1.409 1.294 1.151 1.588
1.032 1.403 1.07 0.61 0.701 1.229 1.402 0.93 0.993 0.92 0.996 1.281 1.409 1.294 1.151 1.552
0.698 1.403 1.07 0.61 0.701 1.229 1.402 0.93 0.993 0.92 0.996 1.281 1.409 1.294 1.151 0.998
1.164 1.403 1.07 0.61 0.701 1.229 1.402 0.93 0.993 0.92 0.996 1.281 1.409 1.294 1.151 0.545
1.169 1.403 1.07 0.61 0.701 1.229 1.402 0.93 0.993 0.92 0.996 1.281 1.409 1.294 1.151 1.608
1.065 1.403 1.07 0.61 0.701 1.229 1.402 0.93 0.993 0.92 0.996 1.281 1.409 1.294 1.151 1.135
1.555 1.403 1.07 0.61 0.701 1.229 1.402 0.93 0.993 0.92 0.996 1.281 1.409 1.294 1.151 0.878
1.051 1.403 1.07 0.61 0.701 1.229 1.402 0.93 0.993 0.92 0.996 1.281 1.409 1.294 1.151 0.845
0.937 1.403 1.07 0.61 0.701 1.229 1.402 0.93 0.993 0.92 0.996 1.281 1.409 1.294 1.151 1.442
0.289 1.403 1.07 0.61 0.701 1.229 1.402 0.93 0.993 0.92 0.996 1.281 1.409 1.294 1.151 1.066
1.396 1.403 1.07 0.61 0.701 1.229 1.402 0.93 0.993 0.92 0.996 1.281 1.409 1.294 1.151 1.415
1.264 1.403 1.07 0.61 0.701 1.229 1.402 0.93 0.993 0.92 0.996 1.281 1.409 1.294 1.151 0.474
0.943 1.403 1.07 0.61 0.701 1.229 1.402 0.93 0.993 0.92 0.996 1.281 1.409 1.294 1.151 1.324
1.248 1.403 1.07 0.61 0.701 1.229 1.402 0.93 0.993 0.92 0.996 1.281 1.409 1.294 1.151 1.298
0.566 1.403 1.07 0.61 0.701 1.229 1.402 0.93 0.993 0.92 0.996 1.281 1.409 1.294 1.151 0.708
0.726 1.403 1.07 0.61 0.701 1.229 1.402 0.93 0.993 0.92 0.996 1.281 1.409 1.294 1.151 1.139
1.339 1.403 1.07 0.61 0.701 1.229 1.402 0.93 0.993 0.92 0.996 1.281 1.409 1.294 1.151 0.887
0.492 1.403 1.07 0.61 0.701 1.229 1.402 0.93 0.993 0.92 0.996 1.281 1.409 1.294 1.151 1.603
0.866 1.403 1.07 0.61 0.701 1.229 1.402 0.93 0.993 0.92 0.996 1.281 1.409 1.294 1.151 1.431
1.111 1.403 1.07 0.61 0.701 1.229 1.402 0.93 0.993 0.92 0.996 1.281 1.409 1.294 1.151 1.194
1.618 1.403 1.07 0.61 0.701 1.229 1.402 0.93 0.993 0.92 0.996 1.281 1.409 1.294 1.151 0.831
1.322 1.403 1.07 0.61 0.701 1.229 1.402 0.93 0.993 0.92 0.996 1.281 1.409 1.294 1.151 1.259
1.048 1.403 1.07 0.61 0.701 1.229 1.402 0.93 0.993 0.92 0.996 1.281 1.409 1.294 1.151 0.795
0.599 1.403 1.07 0.61 0.701 1.229 1.402 0.93 0.993 0.92 0.996 1.281 1.409 1.294 1.151 1.48
0.92 1.403 1.07 0.61 0.701 1.229 1.402 0.93 0.993 0.92 0.996 1.281 1.409 1.294 1.151 0.993
1.022 1.403 1.07 0.61 0.701 1.229 1.402 0.93 0.993 0.92 0.996 1.281 1.409 1.294 1.151 0.564
0.603 1.403 1.07 0.61 0.701 1.229 1.402 0.93 0.993 0.92 0.996 1.281 1.409 1.294 1.151 0.611
0.571 1.403 1.07 0.61 0.701 1.229 1.402 0.93 0.993 0.92 0.996 1.281 1.409 1.294 1.151 0.883
1.336 1.403 1.07 0.61 0.701 1.229 1.402 0.93 0.993 0.92 0.996 1.281 1.409 1.294 1.151 1.124
0.597 1.403 1.07 0.61 0.701 1.229 1.402 0.93 0.993 0.92 0.996 1.281 1.409 1.294 1.151 1.459
1.045 1.403 1.07 0.61 0.701 1.229 1.402 0.93 0.993 0.92 0.996 1.281 1.409 1.294 1.151 0.633
0.908 1.403 1.07 0.61 0.701 1.229 1.402 0.93 0.993 0.92 0.996 1.281 1.409 1.294 1.151 1.074
1.01 1.403 1.07 0.61 0.701 1.229 1.402 0.93 0.993 0.92 0.996 1.281 1.409 1.294 1.151 0.924
1.12 1.403 1.07 0.61 0.701 1.229 1.402 0.93 0.993 0.92 0.996 1.281 1.409 1.294 1.151 1.394
1.355 1.403 1.07 0.61 0.701 1.229 1.402 0.93 0.993 0.92 0.996 1.281 1.409 1.294 1.151 1.154
1.362 1.403 1.07 0.61 0.701 1.229 1.402 0.93 0.993 0.92 0.996 1.281 1.409 1.294 1.151 1.195
1.321 1.403 1.07 0.61 0.701 1.229 1.402 0.93 0.993 0.92 0.996 1.281 1.409 1.294 1.151 1.058
1.289 1.403 1.07 0.61 0.701 1.229 1.402 0.93 0.993 0.92 0.996 1.281 1.409 1.294 1.151 0.575
0.812 1.403 1.07 0.61 0.701 1.229 1.402 0.93 0.993 0.92 0.996 1.281 1.409 1.294 1.151 0.895
0.82 1.403 1.07 0.61 0.701 1.229 1.402 0.93 0.993 0.92 0.996 1.281 1.409 1.294 1.151 0.911
0.947 1.403 1.07 0.61 0.701 1.229 1.402 0.93 0.993 0.92 0.996 1.281 1.409 1.294 1.151 0.687
0.687 1.403 1.07 0.61 0.701 1.229 1.402 0.93 0.993 0.92 0.996 1.281 1.409 1.294 1.151 1.309
0.829 1.403 1.07 0.61 0.701 1.229 1.402 0.93 0.993 0.92 0.996 1.281 1.409 1.294 1.151 0.753
1.165 1.403 1.07 0.61 0.701 1.229 1.402 0.93 0.993 0.92 0.996 1.281 1.409 1.294 1.151 1.198
1.199 1.403 1.07 0.61 0.701 1.229 1.402 0.93 0.993 0.92 0.996 1.281 1.409 1.294 1.151 1.155
1.339 1.403 1.07 0.61 0.701 1.229 1.402 0.93 0.993 0.92 0.996 1.281 1.409 1.294 1.151 1.133
1.273 1.403 1.07 0.61 0.701 1.229 1.402 0.93 0.993 0.92 0.996 1.281 1.409 1.294 1.151 1.011
1.293 1.403 1.07 0.61 0.701 1.229 1.402 0.93 0.993 0.92 0.996 1.281 1.409 1.294 1.151 1.091
1.164 1.403 1.07 0.61 0.701 1.229 1.402 0.93 0.993 0.92 0.996 1.281 1.409 1.294 1.151 1.022
1.171 1.403 1.07 0.61 0.701 1.229 1.402 0.93 0.993 0.92 0.996 1.281 1.409 1.294 1.151 1.165
0.754 1.403 1.07 0.61 0.701 1.229 1.402 0.93 0.993 0.92 0.996 1.281 1.409 1.294 1.151 1.245
1.55 1.403 1.07 0.61 0.701 1.229 1.402 0.93 0.993 0.92 0.996 1.281 1.409 1.294 1.151 1.575
1.597 1.403 1.07 0.61 0.701 1.229 1.402 0.93 0.993 0.92 0.996 1.281 1.409 1.294 1.151 1.362
1.043 1.403 1.07 0.61 0.701 1.229 1.402 0.93 0.993 0.92 0.996 1.281 1.409 1.294 1.151 1.374
1.134 1.403 1.07 0.61 0.701 1.229 1.402 0.93 0.993 0.92 0.996 1.281 1.409 1.294 1.151 0.511
1.014 1.403 1.07 0.61 0.701 1.229 1.402 0.93 0.993 0.92 0.996 1.281 1.409 1.294 1.151 0.906
0.974 1.403 1.07 0.61 0.701 1.229 1.402 0.93 0.993 0.92 0.996 1.281 1.409 1.294 1.151 1.034
1.043 1.403 1.07 0.61 0.701 1.229 1.402 0.93 0.993 0.92 0.996 1.281 1.409 1.294 1.151 0.707
0.61 1.403 1.07 0.61 0.701 1.229 1.402 0.93 0.993 0.92 0.996 1.281 1.409 1.294 1.151 1.227
1.313 1.403 1.07 0.61 0.701 1.229 1.402 0.93 0.993 0.92 0.996 1.281 1.409 1.294 1.151 1.151
1.433 1.403 1.07 0.61 0.701 1.229 1.402 0.93 0.993 0.92 0.996 1.281 1.409 1.294 1.151 1.029
1.159 1.403 1.07 0.61 0.701 1.229 1.402 0.93 0.993 0.92 0.996 1.281 1.409 1.294 1.151 1.063
1.469 1.403 1.07 0.61 0.701 1.229 1.402 0.93 0.993 0.92 0.996 1.281 1.409 1.294 1.151 1.015
0.775 1.403 1.07 0.61 0.701 1.229 1.402 0.93 0.993 0.92 0.996 1.281 1.409 1.294 1.151 0.933
1.319 1.403 1.07 0.61 0.701 1.229 1.402 0.93 0.993 0.92 0.996 1.281 1.409 1.294 1.151 1.02
0.874 1.403 1.07 0.61 0.701 1.229 1.402 0.93 0.993 0.92 0.996 1.281 1.409 1.294 1.151 1.112
0.723 1.403 1.07 0.61 0.701 1.229 1.402 0.93 0.993 0.92 0.996 1.281 1.409 1.294 1.151 0.688
0.481 1.403 1.07 0.61 0.701 1.229 1.402 0.93 0.993 0.92 0.996 1.281 1.409 1.294 1.151 1.254
1.206 1.403 1.07 0.61 0.701 1.229 1.402 0.93 0.993 0.92 0.996 1.281 1.409 1.294 1.151 0.774
0.635 1.403 1.07 0.61 0.701 1.229 1.402 0.93 0.993 0.92 0.996 1.281 1.409 1.294 1.151 1.074
0.957 1.403 1.07 0.61 0.701 1.229 1.402 0.93 0.993 0.92 0.996 1.281 1.409 1.294 1.151 1.544
0.396 1.403 1.07 0.61 0.701 1.229 1.402 0.93 0.993 0.92 0.996 1.281 1.409 1.294 1.151 1.201
1.229 1.403 1.07 0.61 0.701 1.229 1.402 0.93 0.993 0.92 0.996 1.281 1.409 1.294 1.151 0.988
1.381 1.403 1.07 0.61 0.701 1.229 1.402 0.93 0.993 0.92 0.996 1.281 1.409 1.294 1.151 0.384
0.868 1.403 1.07 0.61 0.701 1.229 1.402 0.93 0.993 0.92 0.996 1.281 1.409 1.294 1.151 0.949
0.986 1.403 1.07 0.61 0.701 1.229 1.402 0.93 0.993 0.92 0.996 1.281 1.409 1.294 1.151 0.831
1.136 1.403 1.07 0.61 0.701 1.229 1.402 0.93 0.993 0.92 0.996 1.281 1.409 1.294 1.151 0.827
0.898 1.403 1.07 0.61 0.701 1.229 1.402 0.93 0.993 0.92 0.996 1.281 1.409 1.294 1.151 1.352
1.423 1.403 1.07 0.61 0.701 1.229 1.402 0.93 0.993 0.92 0.996 1.281 1.409 1.294 1.151 1.551
0.865 1.403 1.07 0.61 0.701 1.229 1.402 0.93 0.993 0.92 0.996 1.281 1.409 1.294 1.151 1.046
0.574 1.403 1.07 0.61 0.701 1.229 1.402 0.93 0.993 0.92 0.996 1.281 1.409 1.294 1.151 0.547
0.671 1.403 1.07 0.61 0.701 1.229 1.402 0.93 0.993 0.92 0.996 1.281 1.409 1.294 1.151 0.813
1.542 1.403 1.07 0.61 0.701 1.229 1.402 0.93 0.993 0.92 0.996 1.281 1.409 1.294 1.151 1.273
1.142 1.403 1.07 0.61 0.701 1.229 1.402 0.93 0.993 0.92 0.996 1.281 1.409 1.294 1.151 0.815
1.369 1.403 1.07 0.61 0.701 1.229 1.402 0.93 0.993 0.92 0.996 1.281 1.409 1.294 1.151 1.526
1.517 1.403 1.07 0.61 0.701 1.229 1.402 0.93 0.993 0.92 0.996 1.281 1.409 1.294 1.151 1.441
1.284 1.403 1.07 0.61 0.701 1.229 1.402 0.93 0.993 0.92 0.996 1.281 1.409 1.294 1.151 1.231
1.223 1.403 1.07 0.61 0.701 1.229 1.402 0.93 0.993 0.92 0.996 1.281 1.409 1.294 1.151 1.18
1.147 1.403 1.07 0.61 0.701 1.229 1.402 0.93 0.993 0.92 0.996 1.281 1.409 1.294 1.151 0.725
0.843 1.403 1.07 0.61 0.701 1.229 1.402 0.93 0.993 0.92 0.996 1.281 1.409 1.294 1.151 0.829
1.312 1.403 1.07 0.61 0.701 1.229 1.402 0.93 0.993 0.92 0.996 1.281 1.409 1.294 1.151 1
1.474 1.403 1.07 0.61 0.701 1.229 1.402 0.93 0.993 0.92 0.996 1.281 1.409 1.294 1.151 0.794
1.306 1.403 1.07 0.61 0.701 1.229 1.402 0.93 0.993 0.92 0.996 1.281 1.409 1.294 1.151 0.985
0.75 1.403 1.07 0.61 0.701 1.229 1.402 0.93 0.993 0.92 0.996 1.281 1.409 1.294 1.151 1.157
1.036 1.403 1.07 0.61 0.701 1.229 1.402 0.93 0.993 0.92 0.996 1.281 1.409 1.294 1.151 1.215
0.97 1.403 1.07 0.61 0.701 1.229 1.402 0.93 0.993 0.92 0.996 1.281 1.409 1.294 1.151 1.166
0.529 1.403 1.07 0.61 0.701 1.229 1.402 0.93 0.993 0.92 0.996 1.281 1.409 1.294 1.151 0.973
1.348 1.403 1.07 0.61 0.701 1.229 1.402 0.93 0.993 0.92 0.996 1.281 1.409 1.294 1.151 1.235
1.513 1.403 1.07 0.61 0.701 1.229 1.402 0.93 0.993 0.92 0.996 1.281 1.409 1.294 1.151 1.306
1.498 1.403 1.07 0.61 0.701 1.229 1.402 0.93 0.993 0.92 0.996 1.281 1.409 1.294 1.151 1.482
0.871 1.403 1.07 0.61 0.701 1.229 1.402 0.93 0.993 0.92 0.996 1.281 1.409 1.294 1.151 0.886
1.479 1.403 1.07 0.61 0.701 1.229 1.402 0.93 0.993 0.92 0.996 1.281 1.409 1.294 1.151 1.116
0.455 1.403 1.07 0.61 0.701 1.229 1.402 0.93 0.993 0.92 0.996 1.281 1.409 1.294 1.151 0.627
0.281 1.403 1.07 0.61 0.701 1.229 1.402 0.93 0.993 0.92 0.996 1.281 1.409 1.294 1.151 1.28
1.121 1.403 1.07 0.61 0.701 1.229 1.402 0.93 0.993 0.92 0.996 1.281 1.409 1.294 1.151 1.143
1.384 1.403 1.07 0.61 0.701 1.229 1.402 0.93 0.993 0.92 0.996 1.281 1.409 1.294 1.151 0.99
0.983 1.403 1.07 0.61 0.701 1.229 1.402 0.93 0.993 0.92 0.996 1.281 1.409 1.294 1.151 0.996
0.588 1.403 1.07 0.61 0.701 1.229 1.402 0.93 0.993 0.92 0.996 1.281 1.409 1.294 1.151 0.568
1.273 1.403 1.07 0.61 0.701 1.229 1.402 0.93 0.993 0.92 0.996 1.281 1.409 1.294 1.151 0.911
1.327 1.403 1.07 0.61 0.701 1.229 1.402 0.93 0.993 0.92 0.996 1.281 1.409 1.294 1.151 0.819
0.63 1.403 1.07 0.61 0.701 1.229 1.402 0.93 0.993 0.92 0.996 1.281 1.409 1.294 1.151 0.822
1.364 1.403 1.07 0.61 0.701 1.229 1.402 0.93 0.993 0.92 0.996 1.281 1.409 1.294 1.151 1.584
0.339 1.403 1.07 0.61 0.701 1.229 1.402 0.93 0.993 0.92 0.996 1.281 1.409 1.294 1.151 1.419
0.624 1.403 1.07 0.61 0.701 1.229 1.402 0.93 0.993 0.92 0.996 1.281 1.409 1.294 1.151 1.54
1.383 1.403 1.07 0.61 0.701 1.229 1.402 0.93 0.993 0.92 0.996 1.281 1.409 1.294 1.151 1.004
1.225 1.403 1.07 0.61 0.701 1.229 1.402 0.93 0.993 0.92 0.996 1.281 1.409 1.294 1.151 0.675
1.198 1.403 1.07 0.61 0.701 1.229 1.402 0.93 0.993 0.92 0.996 1.281 1.409 1.294 1.151 0.964
0.645 1.403 1.07 0.61 0.701 1.229 1.402 0.93 0.993 0.92 0.996 1.281 1.409 1.294 1.151 0.636
1.067 1.403 1.07 0.61 0.701 1.229 1.402 0.93 0.993 0.92 0.996 1.281 1.409 1.294 1.151 0.477
0.674 1.403 1.07 0.61 0.701 1.229 1.402 0.93 0.993 0.92 0.996 1.281 1.409 1.294 1.151 0.663
0.848 1.403 1.07 0.61 0.701 1.229 1.402 0.93 0.993 0.92 0.996 1.281 1.409 1.294 1.151 0.668
0.685 1.403 1.07 0.61 0.701 1.229 1.402 0.93 0.993 0.92 0.996 1.281 1.409 1.294 1.151 1.125
1.242 1.403 1.07 0.61 0.701 1.229 1.402 0.93 0.993 0.92 0.996 1.281 1.409 1.294 1.151 0.712
1.148 1.403 1.07 0.61 0.701 1.229 1.402 0.93 0.993 0.92 0.996 1.281 1.409 1.294 1.151 0.993
0.87 1.403 1.07 0.61 0.701 1.229 1.402 0.93 0.993 0.92 0.996 1.281 1.409 1.294 1.151 0.705
1.404 1.403 1.07 0.61 0.701 1.229 1.402 0.93 0.993 0.92 0.996 1.281 1.409 1.294 1.151 0.91
1.445 1.403 1.07 0.61 0.701 1.229 1.402 0.93 0.993 0.92 0.996 1.281 1.409 1.294 1.151 1.227
0.99 1.403 1.07 0.61 0.701 1.229 1.402 0.93 0.993 0.92 0.996 1.281 1.409 1.294 1.151 0.723
0.4 1.403 1.07 0.61 0.701 1.229 1.402 0.93 0.993 0.92 0.996 1.281 1.409 1.294 1.151 1.374
0.553 1.403 1.07 0.61 0.701 1.229 1.402 0.93 0.993 0.92 0.996 1.281 1.409 1.294 1.151 1.009
1.008 1.403 1.07 0.61 0.701 1.229 1.402 0.93 0.993 0.92 0.996 1.281 1.409 1.294 1.151 0.507
1.023 1.403 1.07 0.61 0.701 1.229 1.402 0.93 0.993 0.92 0.996 1.281 1.409 1.294 1.151 1.287
1.08 1.403 1.07 0.61 0.701 1.229 1.402 0.93 0.993 0.92 0.996 1.281 1.409 1.294 1.151 0.986
0.779 1.403 1.07 0.61 0.701 1.229 1.402 0.93 0.993 0.92 0.996 1.281 1.409 1.294 1.151 0.977
1.516 1.403 1.07 0.61 0.701 1.229 1.402 0.93 0.993 0.92 0.996 1.281 1.409 1.294 1.151 1.543
0.977 1.403 1.07 0.61 0.701 1.229 1.402 0.93 0.993 0.92 0.996 1.281 1.409 1.294 1.151 0.903
0.352 1.403 1.07 0.61 0.701 1.229 1.402 0.93 0.993 0.92 0.996 1.281 1.409 1.294 1.151 1.236
1.582 1.403 1.07 0.61 0.701 1.229 1.402 0.93 0.993 0.92 0.996 1.281 1.409 1.294 1.151 1.45
1.149 1.403 1.07 0.61 0.701 1.229 1.402 0.93 0.993 0.92 0.996 1.281 1.409 1.294 1.151 0.676
0.609 1.403 1.07 0.61 0.701 1.229 1.402 0.93 0.993 0.92 0.996 1.281 1.409 1.294 1.151 0.547
0.401 1.403 1.07 0.61 0.701 1.229 1.402 0.93 0.993 0.92 0.996 1.281 1.409 1.294 1.151 1.345
0.747 1.403 1.07 0.61 0.701 1.229 1.402 0.93 0.993 0.92 0.996 1.281 1.409 1.294 1.151 0.669
0.702 1.403 1.07 0.61 0.701 1.229 1.402 0.93 0.993 0.92 0.996 1.281 1.409 1.294 1.151 1.12
1.256 1.403 1.07 0.61 0.701 1.229 1.402 0.93 0.993 0.92 0.996 1.281 1.409 1.294 1.151 0.757
0.905 1.403 1.07 0.61 0.701 1.229 1.402 0.93 0.993 0.92 0.996 1.281 1.409 1.294 1.151 0.641
0.595 1.403 1.07 0.61 0.701 1.229 1.402 0.93 0.993 0.92 0.996 1.281 1.409 1.294 1.151 0.849
1.035 1.403 1.07 0.61 0.701 1.229 1.402 0.93 0.993 0.92 0.996 1.281 1.409 1.294 1.151 1.165
1.041 1.403 1.07 0.61 0.701 1.229 1.402 0.93 0.993 0.92 0.996 1.281 1.409 1.294 1.151 0.883
1.619 1.403 1.07 0.61 0.701 1.229 1.402 0.93 0.993 0.92 0.996 1.281 1.409 1.294 1.151 0.79
1.337 1.403 1.07 0.61 0.701 1.229 1.402 0.93 0.993 0.92 0.996 1.281 1.409 1.294 1.151 0.962
1.356 1.403 1.07 0.61 0.701 1.229 1.402 0.93 0.993 0.92 0.996 1.281 1.409 1.294 1.151 0.942
1.443 1.403 1.07 0.61 0.701 1.229 1.402 0.93 0.993 0.92 0.996 1.281 1.409 1.294 1.151 0.922
0.889 1.403 1.07 0.61 0.701 1.229 1.402 0.93 0.993 0.92 0.996 1.281 1.409 1.294 1.151 0.934
1.195 1.403 1.07 0.61 0.701 1.229 1.402 0.93 0.993 0.92 0.996 1.281 1.409 1.294 1.151 1.502
0.907 1.403 1.07 0.61 0.701 1.229 1.402 0.93 0.993 0.92 0.996 1.281 1.409 1.294 1.151 1.67
1.093 1.403 1.07 0.61 0.701 1.229 1.402 0.93 0.993 0.92 0.996 1.281 1.409 1.294 1.151 1.46
1.226 1.403 1.07 0.61 0.701 1.229 1.402 0.93 0.993 0.92 0.996 1.281 1.409 1.294 1.151 1.108
1.631 1.403 1.07 0.61 0.701 1.229 1.402 0.93 0.993 0.92 0.996 1.281 1.409 1.294 1.151 0.919
0.93 1.403 1.07 0.61 0.701 1.229 1.402 0.93 0.993 0.92 0.996 1.281 1.409 1.294 1.151 0.682
1.128 1.403 1.07 0.61 0.701 1.229 1.402 0.93 0.993 0.92 0.996 1.281 1.409 1.294 1.151 1.174
1.013 1.403 1.07 0.61 0.701 1.229 1.402 0.93 0.993 0.92 0.996 1.281 1.409 1.294 1.151 1.06
0.861 1.403 1.07 0.61 0.701 1.229 1.402 0.93 0.993 0.92 0.996 1.281 1.409 1.294 1.151 1.104
1.541 1.403 1.07 0.61 0.701 1.229 1.402 0.93 0.993 0.92 0.996 1.281 1.409 1.294 1.151 1.261
1.495 1.403 1.07 0.61 0.701 1.229 1.402 0.93 0.993 0.92 0.996 1.281 1.409 1.294 1.151 1.308
1.32 1.403 1.07 0.61 0.701 1.229 1.402 0.93 0.993 0.92 0.996 1.281 1.409 1.294 1.151 1.323
1.199 1.403 1.07 0.61 0.701 1.229 1.402 0.93 0.993 0.92 0.996 1.281 1.409 1.294 1.151 0.761
1.197 1.403 1.07 0.61 0.701 1.229 1.402 0.93 0.993 0.92 0.996 1.281 1.409 1.294 1.151 1.074
0.446 1.403 1.07 0.61 0.701 1.229 1.402 0.93 0.993 0.92 0.996 1.281 1.409 1.294 1.151 0.766
0.754 1.403 1.07 0.61 0.701 1.229 1.402 0.93 0.993 0.92 0.996 1.281 1.409 1.294 1.151 1.016
1.525 1.403 1.07 0.61 0.701 1.229 1.402 0.93 0.993 0.92 0.996 1.281 1.409 1.294 1.151 0.651
1.157 1.403 1.07 0.61 0.701 1.229 1.402 0.93 0.993 0.92 0.996 1.281 1.409 1.294 1.151 0.9
0.777 1.403 1.07 0.61 0.701 1.229 1.402 0.93 0.993 0.92 0.996 1.281 1.409 1.294 1.151 1.106
0.584 1.403 1.07 0.61 0.701 1.229 1.402 0.93 0.993 0.92 0.996 1.281 1.409 1.294 1.151 1.066
1.339 1.403 1.07 0.61 0.701 1.229 1.402 0.93 0.993 0.92 0.996 1.281 1.409 1.294 1.151 0.743
1.355 1.403 1.07 0.61 0.701 1.229 1.402 0.93 0.993 0.92 0.996 1.281 1.409 1.294 1.151 1.2
0.768 1.403 1.07 0.61 0.701 1.229 1.402 0.93 0.993 0.92 0.996 1.281 1.409 1.294 1.151 0.808
1.286 1.403 1.07 0.61 0.701 1.229 1.402 0.93 0.993 0.92 0.996 1.281 1.409 1.294 1.151 1.238
1.339 1.403 1.07 0.61 0.701 1.229 1.402 0.93 0.993 0.92 0.996 1.281 1.409 1.294 1.151 0.93
1.191 1.403 1.07 0.61 0.701 1.229 1.402 0.93 0.993 0.92 0.996 1.281 1.409 1.294 1.151 0.868
1.458 1.403 1.07 0.61 0.701 1.229 1.402 0.93 0.993 0.92 0.996 1.281 1.409 1.294 1.151 1.322
1.282 1.403 1.07 0.61 0.701 1.229 1.402 0.93 0.993 0.92 0.996 1.281 1.409 1.294 1.151 0.694
1.369 1.403 1.07 0.61 0.701 1.229 1.402 0.93 0.993 0.92 0.996 1.281 1.409 1.294 1.151 0.995
1.406 1.403 1.07 0.61 0.701 1.229 1.402 0.93 0.993 0.92 0.996 1.281 1.409 1.294 1.151 1.051
1.578 1.403 1.07 0.61 0.701 1.229 1.402 0.93 0.993 0.92 0.996 1.281 1.409 1.294 1.151 1.298
0.573 1.403 1.07 0.61 0.701 1.229 1.402 0.93 0.993 0.92 0.996 1.281 1.409 1.294 1.151 0.781
0.836 1.403 1.07 0.61 0.701 1.229 1.402 0.93 0.993 0.92 0.996 1.281 1.409 1.294 1.151 1.577
0.716 1.403 1.07 0.61 0.701 1.229 1.402 0.93 0.993 0.92 0.996 1.281 1.409 1.294 1.151 0.889
1.043 1.403 1.07 0.61 0.701 1.229 1.402 0.93 0.993 0.92 0.996 1.281 1.409 1.294 1.151 0.895
1.417 1.403 1.07 0.61 0.701 1.229 1.402 0.93 0.993 0.92 0.996 1.281 1.409 1.294 1.151 1.08
1.188 1.403 1.07 0.61 0.701 1.229 1.402 0.93 0.993 0.92 0.996 1.281 1.409 1.294 1.151 1.349
1.084 1.403 1.07 0.61 0.701 1.229 1.402 0.93 0.993 0.92 0.996 1.281 1.409 1.294 1.151 1.113
0.546 1.403 1.07 0.61 0.701 1.229 1.402 0.93 0.993 0.92 0.996 1.281 1.409 1.294 1.151 0.975
1.661 1.403 1.07 0.61 0.701 1.229 1.402 0.93 0.993 0.92 0.996 1.281 1.409 1.294 1.151 0.768
1.073 1.403 1.07 0.61 0.701 1.229 1.402 0.93 0.993 0.92 0.996 1.281 1.409 1.294 1.151 1.29
1.506 1.403 1.07 0.61 0.701 1.229 1.402 0.93 0.993 0.92 0.996 1.281 1.409 1.294 1.151 1.248
0.88 1.403 1.07 0.61 0.701 1.229 1.402 0.93 0.993 0.92 0.996 1.281 1.409 1.294 1.151 1.071
1.067 1.403 1.07 0.61 0.701 1.229 1.402 0.93 0.993 0.92 0.996 1.281 1.409 1.294 1.151 0.977
1.469 1.403 1.07 0.61 0.701 1.229 1.402 0.93 0.993 0.92 0.996 1.281 1.409 1.294 1.151 1.294
0.466 1.403 1.07 0.61 0.701 1.229 1.402 0.93 0.993 0.92 0.996 1.281 1.409 1.294 1.151 1
0.671 1.403 1.07 0.61 0.701 1.229 1.402 0.93 0.993 0.92 0.996 1.281 1.409 1.294 1.151 0.883
1.265 1.403 1.07 0.61 0.701 1.229 1.402 0.93 0.993 0.92 0.996 1.281 1.409 1.294 1.151 0.956
1.202 1.403 1.07 0.61 0.701 1.229 1.402 0.93 0.993 0.92 0.996 1.281 1.409 1.294 1.151 1.016
0.556 1.403 1.07 0.61 0.701 1.229 1.402 0.93 0.993 0.92 0.996 1.281 1.409 1.294 1.151 1.665
0.928 1.403 1.07 0.61 0.701 1.229 1.402 0.93 0.993 0.92 0.996 1.281 1.409 1.294 1.151 0.528
0.903 1.403 1.07 0.61 0.701 1.229 1.402 0.93 0.993 0.92 0.996 1.281 1.409 1.294 1.151 1.054
0.962 1.403 1.07 0.61 0.701 1.229 1.402 0.93 0.993 0.92 0.996 1.281 1.409 1.294 1.151 1.303
0.797 1.403 1.07 0.61 0.701 1.229 1.402 0.93 0.993 0.92 0.996 1.281 1.409 1.294 1.151 1.367
0.911 1.403 1.07 0.61 0.701 1.229 1.402 0.93 0.993 0.92 0.996 1.281 1.409 1.294 1.151 1.275
1.131 1.403 1.07 0.61 0.701 1.229 1.402 0.93 0.993 0.92 0.996 1.281 1.409 1.294 1.151 0.547
1.589 1.403 1.07 0.61 0.701 1.229 1.402 0.93 0.993 0.92 0.996 1.281 1.409 1.294 1.151 0.726
1.596 1.403 1.07 0.61 0.701 1.229 1.402 0.93 0.993 0.92 0.996 1.281 1.409 1.294 1.151 0.993
0.952 1.403 1.07 0.61 0.701 1.229 1.402 0.93 0.993 0.92 0.996 1.281 1.409 1.294 1.151 1.727
1.143 1.403 1.07 0.61 0.701 1.229 1.402 0.93 0.993 0.92 0.996 1.281 1.409 1.294 1.151 1.492
0.385 1.403 1.07 0.61 0.701 1.229 1.402 0.93 0.993 0.92 0.996 1.281 1.409 1.294 1.151 0.929
1.564 1.403 1.07 0.61 0.701 1.229 1.402 0.93 0.993 0.92 0.996 1.281 1.409 1.294 1.151 0.761
1.372 1.403 1.07 0.61 0.701 1.229 1.402 0.93 0.993 0.92 0.996 1.281 1.409 1.294 1.151 0.586
1.21 1.403 1.07 0.61 0.701 1.229 1.402 0.93 0.993 0.92 0.996 1.281 1.409 1.294 1.151 1.391
0.357 1.403 1.07 0.61 0.701 1.229 1.402 0.93 0.993 0.92 0.996 1.281 1.409 1.294 1.151 0.983
1.067 1.403 1.07 0.61 0.701 1.229 1.402 0.93 0.993 0.92 0.996 1.281 1.409 1.294 1.151 1.306
1.251 1.403 1.07 0.61 0.701 1.229 1.402 0.93 0.993 0.92 0.996 1.281 1.409 1.294 1.151 1.125
1.381 1.403 1.07 0.61 0.701 1.229 1.402 0.93 0.993 0.92 0.996 1.281 1.409 1.294 1.151 0.968
0.637 1.403 1.07 0.61 0.701 1.229 1.402 0.93 0.993 0.92 0.996 1.281 1.409 1.294 1.151 0.996
1.248 1.403 1.07 0.61 0.701 1.229 1.402 0.93 0.993 0.92 0.996 1.281 1.409 1.294 1.151 0.732
1.568 1.403 1.07 0.61 0.701 1.229 1.402 0.93 0.993 0.92 0.996 1.281 1.409 1.294 1.151 0.868
1.51 1.403 1.07 0.61 0.701 1.229 1.402 0.93 0.993 0.92 0.996 1.281 1.409 1.294 1.151 1.659
1.47 1.403 1.07 0.61 0.701 1.229 1.402 0.93 0.993 0.92 0.996 1.281 1.409 1.294 1.151 1.384
0.853 1.403 1.07 0.61 0.701 1.229 1.402 0.93 0.993 0.92 0.996 1.281 1.409 1.294 1.151 0.712
1.32 1.403 1.07 0.61 0.701 1.229 1.402 0.93 0.993 0.92 0.996 1.281 1.409 1.294 1.151 0.946
0.799 1.403 1.07 0.61 0.701 1.229 1.402 0.93 0.993 0.92 0.996 1.281 1.409 1.294 1.151 1.103
1.599 1.403 1.07 0.61 0.701 1.229 1.402 0.93 0.993 0.92 0.996 1.281 1.409 1.294 1.151 0.658
0.438 1.403 1.07 0.61 0.701 1.229 1.402 0.93 0.993 0.92 0.996 1.281 1.409 1.294 1.151 1.028
1.392 1.403 1.07 0.61 0.701 1.229 1.402 0.93 0.993 0.92 0.996 1.281 1.409 1.294 1.151 0.851
0.897 1.403 1.07 0.61 0.701 1.229 1.402 0.93 0.993 0.92 0.996 1.281 1.409 1.294 1.151 0.975
0.85 1.403 1.07 0.61 0.701 1.229 1.402 0.93 0.993 0.92 0.996 1.281 1.409 1.294 1.151 1.26
0.82 1.403 1.07 0.61 0.701 1.229 1.402 0.93 0.993 0.92 0.996 1.281 1.409 1.294 1.151 1.519
0.436 1.403 1.07 0.61 0.701 1.229 1.402 0.93 0.993 0.92 0.996 1.281 1.409 1.294 1.151 1.037
1.533 1.403 1.07 0.61 0.701 1.229 1.402 0.93 0.993 0.92 0.996 1.281 1.409 1.294 1.151 1.578
1.502 1.403 1.07 0.61 0.701 1.229 1.402 0.93 0.993 0.92 0.996 1.281 1.409 1.294 1.151 1.208
0.763 1.403 1.07 0.61 0.701 1.229 1.402 0.93 0.993 0.92 0.996 1.281 1.409 1.294 1.151 1.174
1.095 1.403 1.07 0.61 0.701 1.229 1.402 0.93 0.993 0.92 0.996 1.281 1.409 1.294 1.151 0.55
0.989 1.403 1.07 0.61 0.701 1.229 1.402 0.93 0.993 0.92 0.996 1.281 1.409 1.294 1.151 0.907
1.609 1.403 1.07 0.61 0.701 1.229 1.402 0.93 0.993 0.92 0.996 1.281 1.409 1.294 1.151 1.53
0.74 1.403 1.07 0.61 0.701 1.229 1.402 0.93 0.993 0.92 0.996 1.281 1.409 1.294 1.151 1.291
0.758 1.403 1.07 0.61 0.701 1.229 1.402 0.93 0.993 0.92 0.996 1.281 1.409 1.294 1.151 1.403
1.012 1.403 1.07 0.61 0.701 1.229 1.402 0.93 0.993 0.92 0.996 1.281 1.409 1.294 1.151 0.97
1.239 1.403 1.07 0.61 0.701 1.229 1.402 0.93 0.993 0.92 0.996 1.281 1.409 1.294 1.151 1.408
0.478 1.403 1.07 0.61 0.701 1.229 1.402 0.93 0.993 0.92 0.996 1.281 1.409 1.294 1.151 0.798
1.633 1.403 1.07 0.61 0.701 1.229 1.402 0.93 0.993 0.92 0.996 1.281 1.409 1.294 1.151 1.062
1.446 1.403 1.07 0.61 0.701 1.229 1.402 0.93 0.993 0.92 0.996 1.281 1.409 1.294 1.151 1.051
1.298 1.403 1.07 0.61 0.701 1.229 1.402 0.93 0.993 0.92 0.996 1.281 1.409 1.294 1.151 0.753
0.719 1.403 1.07 0.61 0.701 1.229 1.402 0.93 0.993 0.92 0.996 1.281 1.409 1.294 1.151 1.058
1.093 1.403 1.07 0.61 0.701 1.229 1.402 0.93 0.993 0.92 0.996 1.281 1.409 1.294 1.151 0.952
0.879 1.403 1.07 0.61 0.701 1.229 1.402 0.93 0.993 0.92 0.996 1.281 1.409 1.294 1.151 1.093
0.87 1.403 1.07 0.61 0.701 1.229 1.402 0.93 0.993 0.92 0.996 1.281 1.409 1.294 1.151 0.907
0.824 1.403 1.07 0.61 0.701 1.229 1.402 0.93 0.993 0.92 0.996 1.281 1.409 1.294 1.151 0.896
1.315 1.403 1.07 0.61 0.701 1.229 1.402 0.93 0.993 0.92 0.996 1.281 1.409 1.294 1.151 0.801
1.16 1.403 1.07 0.61 0.701 1.229 1.402 0.93 0.993 0.92 0.996 1.281 1.409 1.294 1.151 1.266
1.508 1.403 1.07 0.61 0.701 1.229 1.402 0.93 0.993 0.92 0.996 1.281 1.409 1.294 1.151 1.135
0.484 1.403 1.07 0.61 0.701 1.229 1.402 0.93 0.993 0.92 0.996 1.281 1.409 1.294 1.151 1.205
0.657 1.403 1.07 0.61 0.701 1.229 1.402 0.93 0.993 0.92 0.996 1.281 1.409 1.294 1.151 0.87
0.669 1.403 1.07 0.61 0.701 1.229 1.402 0.93 0.993 0.92 0.996 1.281 1.409 1.294 1.151 0.447
0.806 1.403 1.07 0.61 0.701 1.229 1.402 0.93 0.993 0.92 0.996 1.281 1.409 1.294 1.151 1.192
1.183 1.403 1.07 0.61 0.701 1.229 1.402 0.93 0.993 0.92 0.996 1.281 1.409 1.294 1.151 1.457
1.21 1.403 1.07 0.61 0.701 1.229 1.402 0.93 0.993 0.92 0.996 1.281 1.409 1.294 1.151 0.768
1.261 1.403 1.07 0.61 0.701 1.229 1.402 0.93 0.993 0.92 0.996 1.281 1.409 1.294 1.151 1.344
1.421 1.403 1.07 0.61 0.701 1.229 1.402 0.93 0.993 0.92 0.996 1.281 1.409 1.294 1.151 1.225
0.828 1.403 1.07 0.61 0.701 1.229 1.402 0.93 0.993 0.92 0.996 1.281 1.409 1.294 1.151 1.463
1.48 1.403 1.07 0.61 0.701 1.229 1.402 0.93 0.993 0.92 0.996 1.281 1.409 1.294 1.151 0.977
1.537 1.403 1.07 0.61 0.701 1.229 1.402 0.93 0.993 0.92 0.996 1.281 1.409 1.294 1.151 1.242
1.107 1.403 1.07 0.61 0.701 1.229 1.402 0.93 0.993 0.92 0.996 1.281 1.409 1.294 1.151 1.246
0.894 1.403 1.07 0.61 0.701 1.229 1.402 0.93 0.993 0.92 0.996 1.281 1.409 1.294 1.151 1.122
1.361 1.403 1.07 0.61 0.701 1.229 1.402 0.93 0.993 0.92 0.996 1.281 1.409 1.294 1.151 0.971
0.464 1.403 1.07 0.61 0.701 1.229 1.402 0.93 0.993 0.92 0.996 1.281 1.409 1.294 1.151 1.018
1.12 1.403 1.07 0.61 0.701 1.229 1.402 0.93 0.993 0.92 0.996 1.281 1.409 1.294 1.151 0.403
1.362 1.403 1.07 0.61 0.701 1.229 1.402 0.93 0.993 0.92 0.996 1.281 1.409 1.294 1.151 1.163
1.043 1.403 1.07 0.61 0.701 1.229 1.402 0.93 0.993 0.92 0.996 1.281 1.409 1.294 1.151 0.555
0.908 1.403 1.07 0.61 0.701 1.229 1.402 0.93 0.993 0.92 0.996 1.281 1.409 1.294 1.151 0.577
1.269 1.403 1.07 0.61 0.701 1.229 1.402 0.93 0.993 0.92 0.996 1.281 1.409 1.294 1.151 1.267
1.353 1.403 1.07 0.61 0.701 1.229 1.402 0.93 0.993 0.92 0.996 1.281 1.409 1.294 1.151 1.06
0.537 1.403 1.07 0.61 0.701 1.229 1.402 0.93 0.993 0.92 0.996 1.281 1.409 1.294 1.151 1.404
1.404 1.403 1.07 0.61 0.701 1.229 1.402 0.93 0.993 0.92 0.996 1.281 1.409 1.294 1.151 1.435
0.426 1.403 1.07 0.61 0.701 1.229 1.402 0.93 0.993 0.92 0.996 1.281 1.409 1.294 1.151 1.62
1.281 1.403 1.07 0.61 0.701 1.229 1.402 0.93 0.993 0.92 0.996 1.281 1.409 1.294 1.151 1.616
1.167 1.403 1.07 0.61 0.701 1.229 1.402 0.93 0.993 0.92 0.996 1.281 1.409 1.294 1.151 0.373
1.132 1.403 1.07 0.61 0.701 1.229 1.402 0.93 0.993 0.92 0.996 1.281 1.409 1.294 1.151 0.827
1.235 1.403 1.07 0.61 0.701 1.229 1.402 0.93 0.993 0.92 0.996 1.281 1.409 1.294 1.151 0.977
0.774 1.403 1.07 0.61 0.701 1.229 1.402 0.93 0.993 0.92 0.996 1.281 1.409 1.294 1.151 0.883
1.468 1.403 1.07 0.61 0.701 1.229 1.402 0.93 0.993 0.92 0.996 1.281 1.409 1.294 1.151 1.346
1.191 1.403 1.07 0.61 0.701 1.229 1.402 0.93 0.993 0.92 0.996 1.281 1.409 1.294 1.151 1.056
1.454 1.403 1.07 0.61 0.701 1.229 1.402 0.93 0.993 0.92 0.996 1.281 1.409 1.294 1.151 1.118
0.792 1.403 1.07 0.61 0.701 1.229 1.402 0.93 0.993 0.92 0.996 1.281 1.409 1.294 1.151 1.183
1.31 1.403 1.07 0.61 0.701 1.229 1.402 0.93 0.993 0.92 0.996 1.281 1.409 1.294 1.151 1.031
1.316 1.403 1.07 0.61 0.701 1.229 1.402 0.93 0.993 0.92 0.996 1.281 1.409 1.294 1.151 0.907
0.593 1.403 1.07 0.61 0.701 1.229 1.402 0.93 0.993 0.92 0.996 1.281 1.409 1.294 1.151 1.371
1.065 1.403 1.07 0.61 0.701 1.229 1.402 0.93 0.993 0.92 0.996 1.281 1.409 1.294 1.151 0.785
0.476 1.403 1.07 0.61 0.701 1.229 1.402 0.93 0.993 0.92 0.996 1.281 1.409 1.294 1.151 1.297
1.033 1.403 1.07 0.61 0.701 1.229 1.402 0.93 0.993 0.92 0.996 1.281 1.409 1.294 1.151 0.75
1.111 1.403 1.07 0.61 0.701 1.229 1.402 0.93 0.993 0.92 0.996 1.281 1.409 1.294 1.151 0.908
0.94 1.403 1.07 0.61 0.701 1.229 1.402 0.93 0.993 0.92 0.996 1.281 1.409 1.294 1.151 0.793
1.056 1.403 1.07 0.61 0.701 1.229 1.402 0.93 0.993 0.92 0.996 1.281 1.409 1.294 1.151 1.051
1.245 1.403 1.07 0.61 0.701 1.229 1.402 0.93 0.993 0.92 0.996 1.281 1.409 1.294 1.151 0.867
0.716 1.403 1.07 0.61 0.701 1.229 1.402 0.93 0.993 0.92 0.996 1.281 1.409 1.294 1.151 0.634
1.406 1.403 1.07 0.61 0.701 1.229 1.402 0.93 0.993 0.92 0.996 1.281 1.409 1.294 1.151 0.694
0.352 1.403 1.07 0.61 0.701 1.229 1.402 0.93 0.993 0.92 0.996 1.281 1.409 1.294 1.151 1.616
0.831 1.403 1.07 0.61 0.701 1.229 1.402 0.93 0.993 0.92 0.996 1.281 1.409 1.294 1.151 1.166
1.46 1.403 1.07 0.61 0.701 1.229 1.402 0.93 0.993 0.92 0.996 1.281 1.409 1.294 1.151 1.033
0.958 1.403 1.07 0.61 0.701 1.229 1.402 0.93 0.993 0.92 0.996 1.281 1.409 1.294 1.151 1.343
0.726 1.403 1.07 0.61 0.701 1.229 1.402 0.93 0.993 0.92 0.996 1.281 1.409 1.294 1.151 1.156
1.099 1.403 1.07 0.61 0.701 1.229 1.402 0.93 0.993 0.92 0.996 1.281 1.409 1.294 1.151 1.143
0.334 1.403 1.07 0.61 0.701 1.229 1.402 0.93 0.993 0.92 0.996 1.281 1.409 1.294 1.151 1.025
1.147 1.403 1.07 0.61 0.701 1.229 1.402 0.93 0.993 0.92 0.996 1.281 1.409 1.294 1.151 1.419
0.913 1.403 1.07 0.61 0.701 1.229 1.402 0.93 0.993 0.92 0.996 1.281 1.409 1.294 1.151 0.613
0.323 1.403 1.07 0.61 0.701 1.229 1.402 0.93 0.993 0.92 0.996 1.281 1.409 1.294 1.151 0.756
1.018 1.403 1.07 0.61 0.701 1.229 1.402 0.93 0.993 0.92 0.996 1.281 1.409 1.294 1.151 1.178
1.204 1.403 1.07 0.61 0.701 1.229 1.402 0.93 0.993 0.92 0.996 1.281 1.409 1.294 1.151 1.021
1.224 1.403 1.07 0.61 0.701 1.229 1.402 0.93 0.993 0.92 0.996 1.281 1.409 1.294 1.151 1.046
0.888 1.403 1.07 0.61 0.701 1.229 1.402 0.93 0.993 0.92 0.996 1.281 1.409 1.294 1.151 0.739
0.765 1.403 1.07 0.61 0.701 1.229 1.402 0.93 0.993 0.92 0.996 1.281 1.409 1.294 1.151 1.076
1.272 1.403 1.07 0.61 0.701 1.229 1.402 0.93 0.993 0.92 0.996 1.281 1.409 1.294 1.151 0.895
1.225 1.403 1.07 0.61 0.701 1.229 1.402 0.93 0.993 0.92 0.996 1.281 1.409 1.294 1.151 1.061
1.541 1.403 1.07 0.61 0.701 1.229 1.402 0.93 0.993 0.92 0.996 1.281 1.409 1.294 1.151 1.015
0.976 1.403 1.07 0.61 0.701 1.229 1.402 0.93 0.993 0.92 0.996 1.281 1.409 1.294 1.151 1.162
1.587 1.403 1.07 0.61 0.701 1.229 1.402 0.93 0.993 0.92 0.996 1.281 1.409 1.294 1.151 1.624
1.024 1.403 1.07 0.61 0.701 1.229 1.402 0.93 0.993 0.92 0.996 1.281 1.409 1.294 1.151 0.929
1.195 1.403 1.07 0.61 0.701 1.229 1.402 0.93 0.993 0.92 0.996 1.281 1.409 1.294 1.151 1.095
1.212 1.403 1.07 0.61 0.701 1.229 1.402 0.93 0.993 0.92 0.996 1.281 1.409 1.294 1.151 1.234
1.343 1.403 1.07 0.61 0.701 1.229 1.402 0.93 0.993 0.92 0.996 1.281 1.409 1.294 1.151 0.758
0.858 1.403 1.07 0.61 0.701 1.229 1.402 0.93 0.993 0.92 0.996 1.281 1.409 1.294 1.151 1.43
1.064 1.403 1.07 0.61 0.701 1.229 1.402 0.93 0.993 0.92 0.996 1.281 1.409 1.294 1.151 1.155
1.401 1.403 1.07 0.61 0.701 1.229 1.402 0.93 0.993 0.92 0.996 1.281 1.409 1.294 1.151 0.818
0.377 1.403 1.07 0.61 0.701 1.229 1.402 0.93 0.993 0.92 0.996 1.281 1.409 1.294 1.151 1.188
0.998 1.403 1.07 0.61 0.701 1.229 1.402 0.93 0.993 0.92 0.996 1.281 1.409 1.294 1.151 0.711
0.591 1.403 1.07 0.61 0.701 1.229 1.402 0.93 0.993 0.92 0.996 1.281 1.409 1.294 1.151 1.174
1.203 1.403 1.07 0.61 0.701 1.229 1.402 0.93 0.993 0.92 0.996 1.281 1.409 1.294 1.151 1.45
1.363 1.403 1.07 0.61 0.701 1.229 1.402 0.93 0.993 0.92 0.996 1.281 1.409 1.294 1.151 1.552
1.435 1.403 1.07 0.61 0.701 1.229 1.402 0.93 0.993 0.92 0.996 1.281 1.409 1.294 1.151 1.549
0.827 1.403 1.07 0.61 0.701 1.229 1.402 0.93 0.993 0.92 0.996 1.281 1.409 1.294 1.151 1.182
0.894 1.403 1.07 0.61 0.701 1.229 1.402 0.93 0.993 0.92 0.996 1.281 1.409 1.294 1.151 1.129
1.026 1.403 1.07 0.61 0.701 1.229 1.402 0.93 0.993 0.92 0.996 1.281 1.409 1.294 1.151 0.792
1.282 1.403 1.07 0.61 0.701 1.229 1.402 0.93 0.993 0.92 0.996 1.281 1.409 1.294 1.151 1.008
1.186 1.403 1.07 0.61 0.701 1.229 1.402 0.93 0.993 0.92 0.996 1.281 1.409 1.294 1.151 1.261
1.658 1.403 1.07 0.61 0.701 1.229 1.402 0.93 0.993 0.92 0.996 1.281 1.409 1.294 1.151 0.956
1.182 1.403 1.07 0.61 0.701 1.229 1.402 0.93 0.993 0.92 0.996 1.281 1.409 1.294 1.151 1.078
1.331 1.403 1.07 0.61 0.701 1.229 1.402 0.93 0.993 0.92 0.996 1.281 1.409 1.294 1.151 0.972
1.326 1.403 1.07 0.61 0.701 1.229 1.402 0.93 0.993 0.92 0.996 1.281 1.409 1.294 1.151 0.689
0.971 1.403 1.07 0.61 0.701 1.229 1.402 0.93 0.993 0.92 0.996 1.281 1.409 1.294 1.151 1.371
0.981 1.403 1.07 0.61 0.701 1.229 1.402 0.93 0.993 0.92 0.996 1.281 1.409 1.294 1.151 1.071
1.041 1.403 1.07 0.61 0.701 1.229 1.402 0.93 0.993 0.92 0.996 1.281 1.409 1.294 1.151 1.108
0.973 1.403 1.07 0.61 0.701 1.229 1.402 0.93 0.993 0.92 0.996 1.281 1.409 1.294 1.151 1.156
1.229 1.403 1.07 0.61 0.701 1.229 1.402 0.93 0.993 0.92 0.996 1.281 1.409 1.294 1.151 1.047
1.174 1.403 1.07 0.61 0.701 1.229 1.402 0.93 0.993 0.92 0.996 1.281 1.409 1.294 1.151 1.393
0.388 1.403 1.07 0.61 0.701 1.229 1.402 0.93 0.993 0.92 0.996 1.281 1.409 1.294 1.151 0.884
1.333 1.403 1.07 0.61 0.701 1.229 1.402 0.93 0.993 0.92 0.996 1.281 1.409 1.294 1.151 0.951
1.002 1.403 1.07 0.61 0.701 1.229 1.402 0.93 0.993 0.92 0.996 1.281 1.409 1.294 1.151 1.58
0.865 1.403 1.07 0.61 0.701 1.229 1.402 0.93 0.993 0.92 0.996 1.281 1.409 1.294 1.151 0.698
0.452 1.403 1.07 0.61 0.701 1.229 1.402 0.93 0.993 0.92 0.996 1.281 1.409 1.294 1.151 0.672
1.562 1.403 1.07 0.61 0.701 1.229 1.402 0.93 0.993 0.92 0.996 1.281 1.409 1.294 1.151 1.282
1.334 1.403 1.07 0.61 0.701 1.229 1.402 0.93 0.993 0.92 0.996 1.281 1.409 1.294 1.151 0.671
1.355 1.403 1.07 0.61 0.701 1.229 1.402 0.93 0.993 0.92 0.996 1.281 1.409 1.294 1.151 0.976
0.676 1.403 1.07 0.61 0.701 1.229 1.402 0.93 0.993 0.92 0.996 1.281 1.409 1.294 1.151 0.951
0.712 1.403 1.07 0.61 0.701 1.229 1.402 0.93 0.993 0.92 0.996 1.281 1.409 1.294 1.151 1.253
0.923 1.403 1.07 0.61 0.701 1.229 1.402 0.93 0.993 0.92 0.996 1.281 1.409 1.294 1.151 1.16
0.91 1.403 1.07 0.61 0.701 1.229 1.402 0.93 0.993 0.92 0.996 1.281 1.409 1.294 1.151 1.336
0.919 1.403 1.07 0.61 0.701 1.229 1.402 0.93 0.993 0.92 0.996 1.281 1.409 1.294 1.151 0.977
1.472 1.403 1.07 0.61 0.701 1.229 1.402 0.93 0.993 0.92 0.996 1.281 1.409 1.294 1.151 1.7
1.362 1.403 1.07 0.61 0.701 1.229 1.402 0.93 0.993 0.92 0.996 1.281 1.409 1.294 1.151 1.077
1.601 1.403 1.07 0.61 0.701 1.229 1.402 0.93 0.993 0.92 0.996 1.281 1.409 1.294 1.151 1.14
1.115 1.403 1.07 0.61 0.701 1.229 1.402 0.93 0.993 0.92 0.996 1.281 1.409 1.294 1.151 1.48
0.913 1.403 1.07 0.61 0.701 1.229 1.402 0.93 0.993 0.92 0.996 1.281 1.409 1.294 1.151 1.045
0.831 1.403 1.07 0.61 0.701 1.229 1.402 0.93 0.993 0.92 0.996 1.281 1.409 1.294 1.151 0.725
0.819 1.403 1.07 0.61 0.701 1.229 1.402 0.93 0.993 0.92 0.996 1.281 1.409 1.294 1.151 0.618
1.408 1.403 1.07 0.61 0.701 1.229 1.402 0.93 0.993 0.92 0.996 1.281 1.409 1.294 1.151 0.753
1.216 1.403 1.07 0.61 0.701 1.229 1.402 0.93 0.993 0.92 0.996 1.281 1.409 1.294 1.151 1.522
1.457 1.403 1.07 0.61 0.701 1.229 1.402 0.93 0.993 0.92 0.996 1.281 1.409 1.294 1.151 1.388
0.742 1.403 1.07 0.61 0.701 1.229 1.402 0.93 0.993 0.92 0.996 1.281 1.409 1.294 1.151 0.746
1.626 1.403 1.07 0.61 0.701 1.229 1.402 0.93 0.993 0.92 0.996 1.281 1.409 1.294 1.151 1.258
1.457 1.403 1.07 0.61 0.701 1.229 1.402 0.93 0.993 0.92 0.996 1.281 1.409 1.294 1.151 0.76
1.156 1.403 1.07 0.61 0.701 1.229 1.402 0.93 0.993 0.92 0.996 1.281 1.409 1.294 1.151 1.598
0.815 1.403 1.07 0.61 0.701 1.229 1.402 0.93 0.993 0.92 0.996 1.281 1.409 1.294 1.151 1.334
0.566 1.403 1.07 0.61 0.701 1.229 1.402 0.93 0.993 0.92 0.996 1.281 1.409 1.294 1.151 1.052
0.726 1.403 1.07 0.61 0.701 1.229 1.402 0.93 0.993 0.92 0.996 1.281 1.409 1.294 1.151 0.736
0.618 1.403 1.07 0.61 0.701 1.229 1.402 0.93 0.993 0.92 0.996 1.281 1.409 1.294 1.151 1.152
1.072 1.403 1.07 0.61 0.701 1.229 1.402 0.93 0.993 0.92 0.996 1.281 1.409 1.294 1.151 0.947
1.106 1.403 1.07 0.61 0.701 1.229 1.402 0.93 0.993 0.92 0.996 1.281 1.409 1.294 1.151 0.76
0.494 1.403 1.07 0.61 0.701 1.229 1.402 0.93 0.993 0.92 0.996 1.281 1.409 1.294 1.151 1.352
0.841 1.403 1.07 0.61 0.701 1.229 1.402 0.93 0.993 0.92 0.996 1.281 1.409 1.294 1.151 1.15
0.876 1.403 1.07 0.61 0.701 1.229 1.402 0.93 0.993 0.92 0.996 1.281 1.409 1.294 1.151 0.708
1.089 1.403 1.07 0.61 0.701 1.229 1.402 0.93 0.993 0.92 0.996 1.281 1.409 1.294 1.151 1.334
1.025 1.403 1.07 0.61 0.701 1.229 1.402 0.93 0.993 0.92 0.996 1.281 1.409 1.294 1.151 1.243
0.7 1.403 1.07 0.61 0.701 1.229 1.402 0.93 0.993 0.92 0.996 1.281 1.409 1.294 1.151 0.858
1.505 1.403 1.07 0.61 0.701 1.229 1.402 0.93 0.993 0.92 0.996 1.281 1.409 1.294 1.151 1.733
0.899 1.403 1.07 0.61 0.701 1.229 1.402 0.93 0.993 0.92 0.996 1.281 1.409 1.294 1.151 1.713
0.731 1.403 1.07 0.61 0.701 1.229 1.402 0.93 0.993 0.92 0.996 1.281 1.409 1.294 1.151 0.844
1.317 1.403 1.07 0.61 0.701 1.229 1.402 0.93 0.993 0.92 0.996 1.281 1.409 1.294 1.151 0.772
1.714 1.403 1.07 0.61 0.701 1.229 1.402 0.93 0.993 0.92 0.996 1.281 1.409 1.294 1.151 1.475
0.399 1.403 1.07 0.61 0.701 1.229 1.402 0.93 0.993 0.92 0.996 1.281 1.409 1.294 1.151 0.992
1.011 1.403 1.07 0.61 0.701 1.229 1.402 0.93 0.993 0.92 0.996 1.281 1.409 1.294 1.151 0.824
1.144 1.403 1.07 0.61 0.701 1.229 1.402 0.93 0.993 0.92 0.996 1.281 1.409 1.294 1.151 1.481
0.68 1.403 1.07 0.61 0.701 1.229 1.402 0.93 0.993 0.92 0.996 1.281 1.409 1.294 1.151 1.29
0.411 1.403 1.07 0.61 0.701 1.229 1.402 0.93 0.993 0.92 0.996 1.281 1.409 1.294 1.151 1.006
0.973 1.403 1.07 0.61 0.701 1.229 1.402 0.93 0.993 0.92 0.996 1.281 1.409 1.294 1.151 1.021
1.094 1.403 1.07 0.61 0.701 1.229 1.402 0.93 0.993 0.92 0.996 1.281 1.409 1.294 1.151 0.652
0.826 1.403 1.07 0.61 0.701 1.229 1.402 0.93 0.993 0.92 0.996 1.281 1.409 1.294 1.151 1.027
1.435 1.403 1.07 0.61 0.701 1.229 1.402 0.93 0.993 0.92 0.996 1.281 1.409 1.294 1.151 0.627
1.395 1.403 1.07 0.61 0.701 1.229 1.402 0.93 0.993 0.92 0.996 1.281 1.409 1.294 1.151 1.277
1.298 1.403 1.07 0.61 0.701 1.229 1.402 0.93 0.993 0.92 0.996 1.281 1.409 1.294 1.151 1.635
1.476 1.403 1.07 0.61 0.701 1.229 1.402 0.93 0.993 0.92 0.996 1.281 1.409 1.294 1.151 0.922
0.542 1.403 1.07 0.61 0.701 1.229 1.402 0.93 0.993 0.92 0.996 1.281 1.409 1.294 1.151 0.88
0.941 1.403 1.07 0.61 0.701 1.229 1.402 0.93 0.993 0.92 0.996 1.281 1.409 1.294 1.151 0.984
0.842 1.403 1.07 0.61 0.701 1.229 1.402 0.93 0.993 0.92 0.996 1.281 1.409 1.294 1.151 1.528
0.682 1.403 1.07 0.61 0.701 1.229 1.402 0.93 0.993 0.92 0.996 1.281 1.409 1.294 1.151 1.013
1.566 1.403 1.07 0.61 0.701 1.229 1.402 0.93 0.993 0.92 0.996 1.281 1.409 1.294 1.151 0.951
0.932 1.403 1.07 0.61 0.701 1.229 1.402 0.93 0.993 0.92 0.996 1.281 1.409 1.294 1.151 0.671
1.65 1.403 1.07 0.61 0.701 1.229 1.402 0.93 0.993 0.92 0.996 1.281 1.409 1.294 1.151 0.946
1.546 1.403 1.07 0.61 0.701 1.229 1.402 0.93 0.993 0.92 0.996 1.281 1.409 1.294 1.151 1.539
1.073 1.403 1.07 0.61 0.701 1.229 1.402 0.93 0.993 0.92 0.996 1.281 1.409 1.294 1.151 0.933
0.546 1.403 1.07 0.61 0.701 1.229 1.402 0.93 0.993 0.92 0.996 1.281 1.409 1.294 1.151 1.063
1.198 1.403 1.07 0.61 0.701 1.229 1.402 0.93 0.993 0.92 0.996 1.281 1.409 1.294 1.151 1.131
1.317 1.403 1.07 0.61 0.701 1.229 1.402 0.93 0.993 0.92 0.996 1.281 1.409 1.294 1.151 0.514
1.294 1.403 1.07 0.61 0.701 1.229 1.402 0.93 0.993 0.92 0.996 1.281 1.409 1.294 1.151 0.891
0.935 1.403 1.07 0.61 0.701 1.229 1.402 0.93 0.993 0.92 0.996 1.281 1.409 1.294 1.151 1.043
0.851 1.403 1.07 0.61 0.701 1.229 1.402 0.93 0.993 0.92 0.996 1.281 1.409 1.294 1.151 0.85
0.886 1.403 1.07 0.61 0.701 1.229 1.402 0.93 0.993 0.92 0.996 1.281 1.409 1.294 1.151 1.464
1.228 1.403 1.07 0.61 0.701 1.229 1.402 0.93 0.993 0.92 0.996 1.281 1.409 1.294 1.151 1.239
1.013 1.403 1.07 0.61 0.701 1.229 1.402 0.93 0.993 0.92 0.996 1.281 1.409 1.294 1.151 0.476
0.718 1.403 1.07 0.61 0.701 1.229 1.402 0.93 0.993 0.92 0.996 1.281 1.409 1.294 1.151 1.057
1.409 1.403 1.07 0.61 0.701 1.229 1.402 0.93 0.993 0.92 0.996 1.281 1.409 1.294 1.151 1.648
1.18 1.403 1.07 0.61 0.701 1.229 1.402 0.93 0.993 0.92 0.996 1.281 1.409 1.294 1.151 1.562
0.428 1.403 1.07 0.61 0.701 1.229 1.402 0.93 0.993 0.92 0.996 1.281 1.409 1.294 1.151 1.252
0.619 1.403 1.07 0.61 0.701 1.229 1.402 0.93 0.993 0.92 0.996 1.281 1.409 1.294 1.151 0.535
1.574 1.403 1.07 0.61 0.701 1.229 1.402 0.93 0.993 0.92 0.996 1.281 1.409 1.294 1.151 1.242
1.401 1.403 1.07 0.61 0.701 1.229 1.402 0.93 0.993 0.92 0.996 1.281 1.409 1.294 1.151 0.864
1.436 1.403 1.07 0.61 0.701 1.229 1.402 0.93 0.993 0.92 0.996 1.281 1.409 1.294 1.151 0.639
1.406 1.403 1.07 0.61 0.701 1.229 1.402 0.93 0.993 0.92 0.996 1.281 1.409 1.294 1.151 0.948
0.915 1.403 1.07 0.61 0.701 1.229 1.402 0.93 0.993 0.92 0.996 1.281 1.409 1.294 1.151 1.064
0.911 1.403 1.07 0.61 0.701 1.229 1.402 0.93 0.993 0.92 0.996 1.281 1.409 1.294 1.151 0.79
1.072 1.403 1.07 0.61 0.701 1.229 1.402 0.93 0.993 0.92 0.996 1.281 1.409 1.294 1.151 1.185
1.168 1.403 1.07 0.61 0.701 1.229 1.402 0.93 0.993 0.92 0.996 1.281 1.409 1.294 1.151 1.24
0.83 1.403 1.07 0.61 0.701 1.229 1.402 0.93 0.993 0.92 0.996 1.281 1.409 1.294 1.151 0.609
1.357 1.403 1.07 0.61 0.701 1.229 1.402 0.93 0.993 0.92 0.996 1.281 1.409 1.294 1.151 1.159
1.171 1.403 1.07 0.61 0.701 1.229 1.402 0.93 0.993 0.92 0.996 1.281 1.409 1.294 1.151 0.798
1.445 1.403 1.07 0.61 0.701 1.229 1.402 0.93 0.993 0.92 0.996 1.281 1.409 1.294 1.151 0.786
0.836 1.403 1.07 0.61 0.701 1.229 1.402 0.93 0.993 0.92 0.996 1.281 1.409 1.294 1.151 0.794
1.257 1.403 1.07 0.61 0.701 1.229 1.402 0.93 0.993 0.92 0.996 1.281 1.409 1.294 1.151 1.506
1.125 1.403 1.07 0.61 0.701 1.229 1.402 0.93 0.993 0.92 0.996 1.281 1.409 1.294 1.151 1.481
0.96 1.403 1.07 0.61 0.701 1.229 1.402 0.93 0.993 0.92 0.996 1.281 1.409 1.294 1.151 0.705
1.334 1.403 1.07 0.61 0.701 1.229 1.402 0.93 0.993 0.92 0.996 1.281 1.409 1.294 1.151 1.176
1.053 1.403 1.07 0.61 0.701 1.229 1.402 0.93 0.993 0.92 0.996 1.281 1.409 1.294 1.151 1.63
1.284 1.403 1.07 0.61 0.701 1.229 1.402 0.93 0.993 0.92 0.996 1.281 1.409 1.294 1.151 0.612
0.746 1.403 1.07 0.61 0.701 1.229 1.402 0.93 0.993 0.92 0.996 1.281 1.409 1.294 1.151 0.794
1.409 1.403 1.07 0.61 0.701 1.229 1.402 0.93 0.993 0.92 0.996 1.281 1.409 1.294 1.151 1.214
1.143 1.403 1.07 0.61 0.701 1.229 1.402 0.93 0.993 0.92 0.996 1.281 1.409 1.294 1.151 1.241
1.62 1.403 1.07 0.61 0.701 1.229 1.402 0.93 0.993 0.92 0.996 1.281 1.409 1.294 1.151 0.94
0.916 1.403 1.07 0.61 0.701 1.229 1.402 0.93 0.993 0.92 0.996 1.281 1.409 1.294 1.151 1.508
0.783 1.403 1.07 0.61 0.701 1.229 1.402 0.93 0.993 0.92 0.996 1.281 1.409 1.294 1.151 1.107
0.706 1.403 1.07 0.61 0.701 1.229 1.402 0.93 0.993 0.92 0.996 1.281 1.409 1.294 1.151 0.795
0.938 1.403 1.07 0.61 0.701 1.229 1.402 0.93 0.993 0.92 0.996 1.281 1.409 1.294 1.151 1.233
1.208 1.403 1.07 0.61 0.701 1.229 1.402 0.93 0.993 0.92 0.996 1.281 1.409 1.294 1.151 0.89
0.991 1.403 1.07 0.61 0.701 1.229 1.402 0.93 0.993 0.92 0.996 1.281 1.409 1.294 1.151 0.807
0.813 1.403 1.07 0.61 0.701 1.229 1.402 0.93 0.993 0.92 0.996 1.281 1.409 1.294 1.151 1.603
1.113 1.403 1.07 0.61 0.701 1.229 1.402 0.93 0.993 0.92 0.996 1.281 1.409 1.294 1.151 0.525
1.203 1.403 1.07 0.61 0.701 1.229 1.402 0.93 0.993 0.92 0.996 1.281 1.409 1.294 1.151 0.99
0.636 1.403 1.07 0.61 0.701 1.229 1.402 0.93 0.993 0.92 0.996 1.281 1.409 1.294 1.151 0.652
0.805 1.403 1.07 0.61 0.701 1.229 1.402 0.93 0.993 0.92 0.996 1.281 1.409 1.294 1.151 1.689
1.224 1.403 1.07 0.61 0.701 1.229 1.402 0.93 0.993 0.92 0.996 1.281 1.409 1.294 1.151 1.494
1.31 1.403 1.07 0.61 0.701 1.229 1.402 0.93 0.993 0.92 0.996 1.281 1.409 1.294 1.151 1.355
1.294 1.403 1.07 0.61 0.701 1.229 1.402 0.93 0.993 0.92 0.996 1.281 1.409 1.294 1.151 1.312
1.466 1.403 1.07 0.61 0.701 1.229 1.402 0.93 0.993 0.92 0.996 1.281 1.409 1.294 1.151 1.046
1.513 1.403 1.07 0.61 0.701 1.229 1.402 0.93 0.993 0.92 0.996 1.281 1.409 1.294 1.151 1.078
1.126 1.403 1.07 0.61 0.701 1.229 1.402 0.93 0.993 0.92 0.996 1.281 1.409 1.294 1.151 1.377
1.327 1.403 1.07 0.61 0.701 1.229 1.402 0.93 0.993 0.92 0.996 1.281 1.409 1.294 1.151 1.346
0.84 1.403 1.07 0.61 0.701 1.229 1.402 0.93 0.993 0.92 0.996 1.281 1.409 1.294 1.151 1.021
1.147 1.403 1.07 0.61 0.701 1.229 1.402 0.93 0.993 0.92 0.996 1.281 1.409 1.294 1.151 0.877
1.236 1.403 1.07 0.61 0.701 1.229 1.402 0.93 0.993 0.92 0.996 1.281 1.409 1.294 1.151 0.94
0.641 1.403 1.07 0.61 0.701 1.229 1.402 0.93 0.993 0.92 0.996 1.281 1.409 1.294 1.151 1.139
1.106 1.403 1.07 0.61 0.701 1.229 1.402 0.93 0.993 0.92 0.996 1.281 1.409 1.294 1.151 0.981
1.606 1.403 1.07 0.61 0.701 1.229 1.402 0.93 0.993 0.92 0.996 1.281 1.409 1.294 1.151 1.465
0.76 1.403 1.07 0.61 0.701 1.229 1.402 0.93 0.993 0.92 0.996 1.281 1.409 1.294 1.151 0.778
1.262 1.403 1.07 0.61 0.701 1.229 1.402 0.93 0.993 0.92 0.996 1.281 1.409 1.294 1.151 1.513
0.298 1.403 1.07 0.61 0.701 1.229 1.402 0.93 0.993 0.92 0.996 1.281 1.409 1.294 1.151 0.917
1.063 1.403 1.07 0.61 0.701 1.229 1.402 0.93 0.993 0.92 0.996 1.281 1.409 1.294 1.151 1.285
1.093 1.403 1.07 0.61 0.701 1.229 1.402 0.93 0.993 0.92 0.996 1.281 1.409 1.294 1.151 0.974
1.243 1.403 1.07 0.61 0.701 1.229 1.402 0.93 0.993 0.92 0.996 1.281 1.409 1.294 1.151 1.018
0.751 1.403 1.07 0.61 0.701 1.229 1.402 0.93 0.993 0.92 0.996 1.281 1.409 1.294 1.151 1.192
1.307 1.403 1.07 0.61 0.701 1.229 1.402 0.93 0.993 0.92 0.996 1.281 1.409 1.294 1.151 0.905
0.797 1.403 1.07 0.61 0.701 1.229 1.402 0.93 0.993 0.92 0.996 1.281 1.409 1.294 1.151 1.35
1.1 1.403 1.07 0.61 0.701 1.229 1.402 0.93 0.993 0.92 0.996 1.281 1.409 1.294 1.151 1.354
1.033 1.403 1.07 0.61 0.701 1.229 1.402 0.93 0.993 0.92 0.996 1.281 1.409 1.294 1.151 1.507
1.048 1.403 1.07 0.61 0.701 1.229 1.402 0.93 0.993 0.92 0.996 1.281 1.409 1.294 1.151 0.959
1.52 1.403 1.07 0.61 0.701 1.229 1.402 0.93 0.993 0.92 0.996 1.281 1.409 1.294 1.151 0.789
1.382 1.403 1.07 0.61 0.701 1.229 1.402 0.93 0.993 0.92 0.996 1.281 1.409 1.294 1.151 1.349
1.129 1.403 1.07 0.61 0.701 1.229 1.402 0.93 0.993 0.92 0.996 1.281 1.409 1.294 1.151 1.284
1.521 1.403 1.07 0.61 0.701 1.229 1.402 0.93 0.993 0.92 0.996 1.281 1.409 1.294 1.151 1.267
1.148 1.403 1.07 0.61 0.701 1.229 1.402 0.93 0.993 0.92 0.996 1.281 1.409 1.294 1.151 0.665
1.586 1.403 1.07 0.61 0.701 1.229 1.402 0.93 0.993 0.92 0.996 1.281 1.409 1.294 1.151 1.109
0.858 1.403 1.07 0.61 0.701 1.229 1.402 0.93 0.993 0.92 0.996 1.281 1.409 1.294 1.151 1.145
1.057 1.403 1.07 0.61 0.701 1.229 1.402 0.93 0.993 0.92 0.996 1.281 1.409 1.294 1.151 0.78
1.011 1.403 1.07 0.61 0.701 1.229 1.402 0.93 0.993 0.92 0.996 1.281 1.409 1.294 1.151 0.757
0.894 1.403 1.07 0.61 0.701 1.229 1.402 0.93 0.993 0.92 0.996 1.281 1.409 1.294 1.151 1.202
1.011 1.403 1.07 0.61 0.701 1.229 1.402 0.93 0.993 0.92 0.996 1.281 1.409 1.294 1.151 0.93
0.66 1.403 1.07 0.61 0.701 1.229 1.402 0.93 0.993 0.92 0.996 1.281 1.409 1.294 1.151 1.509
1.131 1.403 1.07 0.61 0.701 1.229 1.402 0.93 0.993 0.92 0.996 1.281 1.409 1.294 1.151 0.839
1.063 1.403 1.07 0.61 0.701 1.229 1.402 0.93 0.993 0.92 0.996 1.281 1.409 1.294 1.151 0.748
0.809 1.403 1.07 0.61 0.701 1.229 1.402 0.93 0.993 0.92 0.996 1.281 1.409 1.294 1.151 1.035
1.379 1.403 1.07 0.61 0.701 1.229 1.402 0.93 0.993 0.92 0.996 1.281 1.409 1.294 1.151 1.129
1.206 1.403 1.07 0.61 0.701 1.229 1.402 0.93 0.993 0.92 0.996 1.281 1.409 1.294 1.151 1.037
0.817 1.403 1.07 0.61 0.701 1.229 1.402 0.93 0.993 0.92 0.996 1.281 1.409 1.294 1.151 0.922
1.278 1.403 1.07 0.61 0.701 1.229 1.402 0.93 0.993 0.92 0.996 1.281 1.409 1.294 1.151 1.089
0.681 1.403 1.07 0.61 0.701 1.229 1.402 0.93 0.993 0.92 0.996 1.281 1.409 1.294 1.151 0.977
0.849 1.403 1.07 0.61 0.701 1.229 1.402 0.93 0.993 0.92 0.996 1.281 1.409 1.294 1.151 1.058
1.386 1.403 1.07 0.61 0.701 1.229 1.402 0.93 0.993 0.92 0.996 1.281 1.409 1.294 1.151 0.962
1.626 1.403 1.07 0.61 0.701 1.229 1.402 0.93 0.993 0.92 0.996 1.281 1.409 1.294 1.151 1.623
0.459 1.403 1.07 0.61 0.701 1.229 1.402 0.93 0.993 0.92 0.996 1.281 1.409 1.294 1.151 1.543
0.785 1.403 1.07 0.61 0.701 1.229 1.402 0.93 0.993 0.92 0.996 1.281 1.409 1.294 1.151 1.297
1.284 1.403 1.07 0.61 0.701 1.229 1.402 0.93 0.993 0.92 0.996 1.281 1.409 1.294 1.151 0.732
0.9 1.403 1.07 0.61 0.701 1.229 1.402 0.93 0.993 0.92 0.996 1.281 1.409 1.294 1.151 0.962
1.097 1.403 1.07 0.61 0.701 1.229 1.402 0.93 0.993 0.92 0.996 1.281 1.409 1.294 1.151 1.211
1.208 1.403 1.07 0.61 0.701 1.229 1.402 0.93 0.993 0.92 0.996 1.281 1.409 1.294 1.151 1.094
0.816 1.403 1.07 0.61 0.701 1.229 1.402 0.93 0.993 0.92 0.996 1.281 1.409 1.294 1.151 1.572
1.05 1.403 1.07 0.61 0.701 1.229 1.402 0.93 0.993 0.92 0.996 1.281 1.409 1.294 1.151 1.178
1.678 1.403 1.07 0.61 0.701 1.229 1.402 0.93 0.993 0.92 0.996 1.281 1.409 1.294 1.151 1.664
1.576 1.403 1.07 0.61 0.701 1.229 1.402 0.93 0.993 0.92 0.996 1.281 1.409 1.294 1.151 1.328
0.576 1.403 1.07 0.61 0.701 1.229 1.402 0.93 0.993 0.92 0.996 1.281 1.409 1.294 1.151 1.205
1.256 1.403 1.07 0.61 0.701 1.229 1.402 0.93 0.993 0.92 0.996 1.281 1.409 1.294 1.151 0.892
1.073 1.403 1.07 0.61 0.701 1.229 1.402 0.93 0.993 0.92 0.996 1.281 1.409 1.294 1.151 1.457
0.987 1.403 1.07 0.61 0.701 1.229 1.402 0.93 0.993 0.92 0.996 1.281 1.409 1.294 1.151 0.863
0.95 1.403 1.07 0.61 0.701 1.229 1.402 0.93 0.993 0.92 0.996 1.281 1.409 1.294 1.151 0.821
0.932 1.403 1.07 0.61 0.701 1.229 1.402 0.93 0.993 0.92 0.996 1.281 1.409 1.294 1.151 1.146
1.447 1.403 1.07 0.61 0.701 1.229 1.402 0.93 0.993 0.92 0.996 1.281 1.409 1.294 1.151 1.049
1.543 1.403 1.07 0.61 0.701 1.229 1.402 0.93 0.993 0.92 0.996 1.281 1.409 1.294 1.151 1.116
1.298 1.403 1.07 0.61 0.701 1.229 1.402 0.93 0.993 0.92 0.996 1.281 1.409 1.294 1.151 1.075
0.817 1.403 1.07 0.61 0.701 1.229 1.402 0.93 0.993 0.92 0.996 1.281 1.409 1.294 1.151 0.782
1.354 1.403 1.07 0.61 0.701 1.229 1.402 0.93 0.993 0.92 0.996 1.281 1.409 1.294 1.151 0.807
1.146 1.403 1.07 0.61 0.701 1.229 1.402 0.93 0.993 0.92 0.996 1.281 1.409 1.294 1.151 1.046
1.575 1.403 1.07 0.61 0.701 1.229 1.402 0.93 0.993 0.92 0.996 1.281 1.409 1.294 1.151 0.923
1.297 1.403 1.07 0.61 0.701 1.229 1.402 0.93 0.993 0.92 0.996 1.281 1.409 1.294 1.151 1.439
1.16 1.403 1.07 0.61 0.701 1.229 1.402 0.93 0.993 0.92 0.996 1.281 1.409 1.294 1.151 0.814
0.639 1.403 1.07 0.61 0.701 1.229 1.402 0.93 0.993 0.92 0.996 1.281 1.409 1.294 1.151 0.469
1.599 1.403 1.07 0.61 0.701 1.229 1.402 0.93 0.993 0.92 0.996 1.281 1.409 1.294 1.151 1.127
0.782 1.403 1.07 0.61 0.701 1.229 1.402 0.93 0.993 0.92 0.996 1.281 1.409 1.294 1.151 0.743
1.245 1.403 1.07 0.61 0.701 1.229 1.402 0.93 0.993 0.92 0.996 1.281 1.409 1.294 1.151 1.29
1.088 1.403 1.07 0.61 0.701 1.229 1.402 0.93 0.993 0.92 0.996 1.281 1.409 1.294 1.151 0.971
1.348 1.403 1.07 0.61 0.701 1.229 1.402 0.93 0.993 0.92 0.996 1.281 1.409 1.294 1.151 1.062
0.578 1.403 1.07 0.61 0.701 1.229 1.402 0.93 0.993 0.92 0.996 1.281 1.409 1.294 1.151 1.444
0.96 1.403 1.07 0.61 0.701 1.229 1.402 0.93 0.993 0.92 0.996 1.281 1.409 1.294 1.151 1.089
0.524 1.403 1.07 0.61 0.701 1.229 1.402 0.93 0.993 0.92 0.996 1.281 1.409 1.294 1.151 1.077
0.987 1.403 1.07 0.61 0.701 1.229 1.402 0.93 0.993 0.92 0.996 1.281 1.409 1.294 1.151 0.775
1.337 1.403 1.07 0.61 0.701 1.229 1.402 0.93 0.993 0.92 0.996 1.281 1.409 1.294 1.151 0.547
0.805 1.403 1.07 0.61 0.701 1.229 1.402 0.93 0.993 0.92 0.996 1.281 1.409 1.294 1.151 1.017
0.758 1.403 1.07 0.61 0.701 1.229 1.402 0.93 0.993 0.92 0.996 1.281 1.409 1.294 1.151 1.455
1.011 1.403 1.07 0.61 0.701 1.229 1.402 0.93 0.993 0.92 0.996 1.281 1.409 1.294 1.151 0.953
0.555 1.403 1.07 0.61 0.701 1.229 1.402 0.93 0.993 0.92 0.996 1.281 1.409 1.294 1.151 0.953
0.458 1.403 1.07 0.61 0.701 1.229 1.402 0.93 0.993 0.92 0.996 1.281 1.409 1.294 1.151 0.998
0.764 1.403 1.07 0.61 0.701 1.229 1.402 0.93 0.993 0.92 0.996 1.281 1.409 1.294 1.151 1.485
0.661 1.403 1.07 0.61 0.701 1.229 1.402 0.93 0.993 0.92 0.996 1.281 1.409 1.294 1.151 1.04
0.983 1.403 1.07 0.61 0.701 1.229 1.402 0.93 0.993 0.92 0.996 1.281 1.409 1.294 1.151 0.959
1.337 1.403 1.07 0.61 0.701 1.229 1.402 0.93 0.993 0.92 0.996 1.281 1.409 1.294 1.151 0.884
1.152 1.403 1.07 0.61 0.701 1.229 1.402 0.93 0.993 0.92 0.996 1.281 1.409 1.294 1.151 0.596
1.395 1.403 1.07 0.61 0.701 1.229 1.402 0.93 0.993 0.92 0.996 1.281 1.409 1.294 1.151 0.658
1.348 1.403 1.07 0.61 0.701 1.229 1.402 0.93 0.993 0.92 0.996 1.281 1.409 1.294 1.151 0.688
1.357 1.403 1.07 0.61 0.701 1.229 1.402 0.93 0.993 0.92 0.996 1.281 1.409 1.294 1.151 1.314
1.622 1.403 1.07 0.61 0.701 1.229 1.402 0.93 0.993 0.92 0.996 1.281 1.409 1.294 1.151 0.856
1.25 1.403 1.07 0.61 0.701 1.229 1.402 0.93 0.993 0.92 0.996 1.281 1.409 1.294 1.151 1.035
0.722 1.403 1.07 0.61 0.701 1.229 1.402 0.93 0.993 0.92 0.996 1.281 1.409 1.294 1.151 1.219
1.402 1.403 1.07 0.61 0.701 1.229 1.402 0.93 0.993 0.92 0.996 1.281 1.409 1.294 1.151 1.323
1.159 1.403 1.07 0.61 0.701 1.229 1.402 0.93 0.993 0.92 0.996 1.281 1.409 1.294 1.151 1.345
1.044 1.403 1.07 0.61 0.701 1.229 1.402 0.93 0.993 0.92 0.996 1.281 1.409 1.294 1.151 1.533
1.387 1.403 1.07 0.61 0.701 1.229 1.402 0.93 0.993 0.92 0.996 1.281 1.409 1.294 1.151 0.898
1.353 1.403 1.07 0.61 0.701 1.229 1.402 0.93 0.993 0.92 0.996 1.281 1.409 1.294 1.151 1.107
1.276 1.403 1.07 0.61 0.701 1.229 1.402 0.93 0.993 0.92 0.996 1.281 1.409 1.294 1.151 1.125
1.174 1.403 1.07 0.61 0.701 1.229 1.402 0.93 0.993 0.92 0.996 1.281 1.409 1.294 1.151 1.073
0.625 1.403 1.07 0.61 0.701 1.229 1.402 0.93 0.993 0.92 0.996 1.281 1.409 1.294 1.151 0.898
1.524 1.403 1.07 0.61 0.701 1.229 1.402 0.93 0.993 0.92 0.996 1.281 1.409 1.294 1.151 1.195
1.254 1.403 1.07 0.61 0.701 1.229 1.402 0.93 0.993 0.92 0.996 1.281 1.409 1.294 1.151 1.611
0.835 1.403 1.07 0.61 0.701 1.229 1.402 0.93 0.993 0.92 0.996 1.281 1.409 1.294 1.151 0.853
0.618 1.403 1.07 0.61 0.701 1.229 1.402 0.93 0.993 0.92 0.996 1.281 1.409 1.294 1.151 1.509
1.277 1.403 1.07 0.61 0.701 1.229 1.402 0.93 0.993 0.92 0.996 1.281 1.409 1.294 1.151 0.979
1.134 1.403 1.07 0.61 0.701 1.229 1.402 0.93 0.993 0.92 0.996 1.281 1.409 1.294 1.151 1.183
1.566 1.403 1.07 0.61 0.701 1.229 1.402 0.93 0.993 0.92 0.996 1.281 1.409 1.294 1.151 0.398
1.022 1.403 1.07 0.61 0.701 1.229 1.402 0.93 0.993 0.92 0.996 1.281 1.409 1.294 1.151 1.172
0.951 1.403 1.07 0.61 0.701 1.229 1.402 0.93 0.993 0.92 0.996 1.281 1.409 1.294 1.151 1.162
1.33 1.403 1.07 0.61 0.701 1.229 1.402 0.93 0.993 0.92 0.996 1.281 1.409 1.294 1.151 0.914
1.305 1.403 1.07 0.61 0.701 1.229 1.402 0.93 0.993 0.92 0.996 1.281 1.409 1.294 1.151 1.662
1.175 1.403 1.07 0.61 0.701 1.229 1.402 0.93 0.993 0.92 0.996 1.281 1.409 1.294 1.151 0.916
0.577 1.403 1.07 0.61 0.701 1.229 1.402 0.93 0.993 0.92 0.996 1.281 1.409 1.294 1.151 1.421
1.515 1.403 1.07 0.61 0.701 1.229 1.402 0.93 0.993 0.92 0.996 1.281 1.409 1.294 1.151 1.576
1.062 1.403 1.07 0.61 0.701 1.229 1.402 0.93 0.993 0.92 0.996 1.281 1.409 1.294 1.151 1.268
1.159 1.403 1.07 0.61 0.701 1.229 1.402 0.93 0.993 0.92 0.996 1.281 1.409 1.294 1.151 1.541
1.093 1.403 1.07 0.61 0.701 1.229 1.402 0.93 0.993 0.92 0.996 1.281 1.409 1.294 1.151 1.233
0.893 1.403 1.07 0.61 0.701 1.229 1.402 0.93 0.993 0.92 0.996 1.281 1.409 1.294 1.151 1.086
0.629 1.403 1.07 0.61 0.701 1.229 1.402 0.93 0.993 0.92 0.996 1.281 1.409 1.294 1.151 1.061
1.448 1.403 1.07 0.61 0.701 1.229 1.402 0.93 0.993 0.92 0.996 1.281 1.409 1.294 1.151 0.739
0.931 1.403 1.07 0.61 0.701 1.229 1.402 0.93 0.993 0.92 0.996 1.281 1.409 1.294 1.151 0.571
1.278 1.403 1.07 0.61 0.701 1.229 1.402 0.93 0.993 0.92 0.996 1.281 1.409 1.294 1.151 0.574
1.103 1.403 1.07 0.61 0.701 1.229 1.402 0.93 0.993 0.92 0.996 1.281 1.409 1.294 1.151 0.538
1.423 1.403 1.07 0.61 0.701 1.229 1.402 0.93 0.993 0.92 0.996 1.281 1.409 1.294 1.151 0.786
0.731 1.403 1.07 0.61 0.701 1.229 1.402 0.93 0.993 0.92 0.996 1.281 1.409 1.294 1.151 1.243
1.417 1.403 1.07 0.61 0.701 1.229 1.402 0.93 0.993 0.92 0.996 1.281 1.409 1.294 1.151 1.631
0.532 1.403 1.07 0.61 0.701 1.229 1.402 0.93 0.993 0.92 0.996 1.281 1.409 1.294 1.151 1.289
1.233 1.403 1.07 0.61 0.701 1.229 1.402 0.93 0.993 0.92 0.996 1.281 1.409 1.294 1.151 0.854
0.902 1.403 1.07 0.61 0.701 1.229 1.402 0.93 0.993 0.92 0.996 1.281 1.409 1.294 1.151 1.635
0.726 1.403 1.07 0.61 0.701 1.229 1.402 0.93 0.993 0.92 0.996 1.281 1.409 1.294 1.151 1.212
1.582 1.403 1.07 0.61 0.701 1.229 1.402 0.93 0.993 0.92 0.996 1.281 1.409 1.294 1.151 1.016
1.024 1.403 1.07 0.61 0.701 1.229 1.402 0.93 0.993 0.92 0.996 1.281 1.409 1.294 1.151 0.693
1.465 1.403 1.07 0.61 0.701 1.229 1.402 0.93 0.993 0.92 0.996 1.281 1.409 1.294 1.151 1.489
0.524 1.403 1.07 0.61 0.701 1.229 1.402 0.93 0.993 0.92 0.996 1.281 1.409 1.294 1.151 1.706
0.639 1.403 1.07 0.61 0.701 1.229 1.402 0.93 0.993 0.92 0.996 1.281 1.409 1.294 1.151 1.175
1.349 1.403 1.07 0.61 0.701 1.229 1.402 0.93 0.993 0.92 0.996 1.281 1.409 1.294 1.151 1.362
1.294 1.403 1.07 0.61 0.701 1.229 1.402 0.93 0.993 0.92 0.996 1.281 1.409 1.294 1.151 1.219
0.981 1.403 1.07 0.61 0.701 1.229 1.402 0.93 0.993 0.92 0.996 1.281 1.409 1.294 1.151 0.909
0.569 1.403 1.07 0.61 0.701 1.229 1.402 0.93 0.993 0.92 0.996 1.281 1.409 1.294 1.151 1
1.721 1.403 1.07 0.61 0.701 1.229 1.402 0.93 0.993 0.92 0.996 1.281 1.409 1.294 1.151 1.506
1.059 1.403 1.07 0.61 0.701 1.229 1.402 0.93 0.993 0.92 0.996 1.281 1.409 1.294 1.151 0.372
1.09 1.403 1.07 0.61 0.701 1.229 1.402 0.93 0.993 0.92 0.996 1.281 1.409 1.294 1.151 1.467
0.87 1.403 1.07 0.61 0.701 1.229 1.402 0.93 0.993 0.92 0.996 1.281 1.409 1.294 1.151 0.952
1.377 1.403 1.07 0.61 0.701 1.229 1.402 0.93 0.993 0.92 0.996 1.281 1.409 1.294 1.151 1.201
0.868 1.403 1.07 0.61 0.701 1.229 1.402 0.93 0.993 0.92 0.996 1.281 1.409 1.294 1.151 0.991
1.32 1.403 1.07 0.61 0.701 1.229 1.402 0.93 0.993 0.92 0.996 1.281 1.409 1.294 1.151 0.91
1.09 1.403 1.07 0.61 0.701 1.229 1.402 0.93 0.993 0.92 0.996 1.281 1.409 1.294 1.151 0.94
1.47 1.403 1.07 0.61 0.701 1.229 1.402 0.93 0.993 0.92 0.996 1.281 1.409 1.294 1.151 1.531
0.984 1.403 1.07 0.61 0.701 1.229 1.402 0.93 0.993 0.92 0.996 1.281 1.409 1.294 1.151 1.13
1.512 1.403 1.07 0.61 0.701 1.229 1.402 0.93 0.993 0.92 0.996 1.281 1.409 1.294 1.151 1.127
1.2 1.403 1.07 0.61 0.701 1.229 1.402 0.93 0.993 0.92 0.996 1.281 1.409 1.294 1.151 1.484
1.01 1.403 1.07 0.61 0.701 1.229 1.402 0.93 0.993 0.92 0.996 1.281 1.409 1.294 1.151 0.755
1.075 1.403 1.07 0.61 0.701 1.229 1.402 0.93 0.993 0.92 0.996 1.281 1.409 1.294 1.151 1.106
1.058 1.403 1.07 0.61 0.701 1.229 1.402 0.93 0.993 0.92 0.996 1.281 1.409 1.294 1.151 1.226
1.301 1.403 1.07 0.61 0.701 1.229 1.402 0.93 0.993 0.92 0.996 1.281 1.409 1.294 1.151 1.036
1.216 1.403 1.07 0.61 0.701 1.229 1.402 0.93 0.993 0.92 0.996 1.281 1.409 1.294 1.151 0.895
0.707 1.403 1.07 0.61 0.701 1.229 1.402 0.93 0.993 0.92 0.996 1.281 1.409 1.294 1.151 1.632
1.128 1.403 1.07 0.61 0.701 1.229 1.402 0.93 0.993 0.92 0.996 1.281 1.409 1.294 1.151 1.056
1.081 1.403 1.07 0.61 0.701 1.229 1.402 0.93 0.993 0.92 0.996 1.281 1.409 1.294 1.151 0.844
1.646 1.403 1.07 0.61 0.701 1.229 1.402 0.93 0.993 0.92 0.996 1.281 1.409 1.294 1.151 1.583
1.239 1.403 1.07 0.61 0.701 1.229 1.402 0.93 0.993 0.92 0.996 1.281 1.409 1.294 1.151 0.725
1.436 1.403 1.07 0.61 0.701 1.229 1.402 0.93 0.993 0.92 0.996 1.281 1.409 1.294 1.151 1.45
0.552 1.403 1.07 0.61 0.701 1.229 1.402 0.93 0.993 0.92 0.996 1.281 1.409 1.294 1.151 1.464
1.849 1.403 1.07 0.61 0.701 1.229 1.402 0.93 0.993 0.92 0.996 1.281 1.409 1.294 1.151 1.604
0.518 1.403 1.07 0.61 0.701 1.229 1.402 0.93 0.993 0.92 0.996 1.281 1.409 1.294 1.151 0.83
1.648 1.403 1.07 0.61 0.701 1.229 1.402 0.93 0.993 0.92 0.996 1.281 1.409 1.294 1.151 0.978
0.657 1.403 1.07 0.61 0.701 1.229 1.402 0.93 0.993 0.92 0.996 1.281 1.409 1.294 1.151 1.139
0.591 1.403 1.07 0.61 0.701 1.229 1.402 0.93 0.993 0.92 0.996 1.281 1.409 1.294 1.151 0.787
0.952 1.403 1.07 0.61 0.701 1.229 1.402 0.93 0.993 0.92 0.996 1.281 1.409 1.294 1.151 1.288
0.92 1.403 1.07 0.61 0.701 1.229 1.402 0.93 0.993 0.92 0.996 1.281 1.409 1.294 1.151 1.16
0.434 1.403 1.07 0.61 0.701 1.229 1.402 0.93 0.993 0.92 0.996 1.281 1.409 1.294 1.151 1.167
1.146 1.403 1.07 0.61 0.701 1.229 1.402 0.93 0.993 0.92 0.996 1.281 1.409 1.294 1.151 1.168
0.972 1.403 1.07 0.61 0.701 1.229 1.402 0.93 0.993 0.92 0.996 1.281 1.409 1.294 1.151 1.013
1.277 1.403 1.07 0.61 0.701 1.229 1.402 0.93 0.993 0.92 0.996 1.281 1.409 1.294 1.151 0.528
0.514 1.403 1.07 0.61 0.701 1.229 1.402 0.93 0.993 0.92 0.996 1.281 1.409 1.294 1.151 0.853
0.768 1.403 1.07 0.61 0.701 1.229 1.402 0.93 0.993 0.92 0.996 1.281 1.409 1.294 1.151 0.852
1.327 1.403 1.07 0.61 0.701 1.229 1.402 0.93 0.993 0.92 0.996 1.281 1.409 1.294 1.151 0.571
0.869 1.403 1.07 0.61 0.701 1.229 1.402 0.93 0.993 0.92 0.996 1.281 1.409 1.294 1.151 1.246
1.33 1.403 1.07 0.61 0.701 1.229 1.402 0.93 0.993 0.92 0.996 1.281 1.409 1.294 1.151 1.17
1.138 1.403 1.07 0.61 0.701 1.229 1.402 0.93 0.993 0.92 0.996 1.281 1.409 1.294 1.151 1.231
1.277 1.403 1.07 0.61 0.701 1.229 1.402 0.93 0.993 0.92 0.996 1.281 1.409 1.294 1.151 0.893
0.927 1.403 1.07 0.61 0.701 1.229 1.402 0.93 0.993 0.92 0.996 1.281 1.409 1.294 1.151 0.884
0.875 1.403 1.07 0.61 0.701 1.229 1.402 0.93 0.993 0.92 0.996 1.281 1.409 1.294 1.151 0.849
1.136 1.403 1.07 0.61 0.701 1.229 1.402 0.93 0.993 0.92 0.996 1.281 1.409 1.294 1.151 0.387
1.693 1.403 1.07 0.61 0.701 1.229 1.402 0.93 0.993 0.92 0.996 1.281 1.409 1.294 1.151 1.081
0.884 1.403 1.07 0.61 0.701 1.229 1.402 0.93 0.993 0.92 0.996 1.281 1.409 1.294 1.151 0.93
1.688 1.403 1.07 0.61 0.701 1.229 1.402 0.93 0.993 0.92 0.996 1.281 1.409 1.294 1.151 0.938
1.37 1.403 1.07 0.61 0.701 1.229 1.402 0.93 0.993 0.92 0.996 1.281 1.409 1.294 1.151 0.67
1.614 1.403 1.07 0.61 0.701 1.229 1.402 0.93 0.993 0.92 0.996 1.281 1.409 1.294 1.151 0.84
1.441 1.403 1.07 0.61 0.701 1.229 1.402 0.93 0.993 0.92 0.996 1.281 1.409 1.294 1.151 1.309
0.682 1.403 1.07 0.61 0.701 1.229 1.402 0.93 0.993 0.92 0.996 1.281 1.409 1.294 1.151 0.944
1.424 1.403 1.07 0.61 0.701 1.229 1.402 0.93 0.993 0.92 0.996 1.281 1.409 1.294 1.151 1.233
0.942 1.403 1.07 0.61 0.701 1.229 1.402 0.93 0.993 0.92 0.996 1.281 1.409 1.294 1.151 0.98
1.025 1.403 1.07 0.61 0.701 1.229 1.402 0.93 0.993 0.92 0.996 1.281 1.409 1.294 1.151 0.535
0.81 1.403 1.07 0.61 0.701 1.229 1.402 0.93 0.993 0.92 0.996 1.281 1.409 1.294 1.151 0.455
0.757 1.403 1.07 0.61 0.701 1.229 1.402 0.93 0.993 0.92 0.996 1.281 1.409 1.294 1.151 1.197
1.454 1.403 1.07 0.61 0.701 1.229 1.402 0.93 0.993 0.92 0.996 1.281 1.409 1.294 1.151 1.589
1.472 1.403 1.07 0.61 0.701 1.229 1.402 0.93 0.993 0.92 0.996 1.281 1.409 1.294 1.151 1.15
1.297 1.403 1.07 0.61 0.701 1.229 1.402 0.93 0.993 0.92 0.996 1.281 1.409 1.294 1.151 0.644
0.956 1.403 1.07 0.61 0.701 1.229 1.402 0.93 0.993 0.92 0.996 1.281 1.409 1.294 1.151 1.106
0.496 1.403 1.07 0.61 0.701 1.229 1.402 0.93 0.993 0.92 0.996 1.281 1.409 1.294 1.151 1.428
0.861 1.403 1.07 0.61 0.701 1.229 1.402 0.93 0.993 0.92 0.996 1.281 1.409 1.294 1.151 1.078
1.272 1.403 1.07 0.61 0.701 1.229 1.402 0.93 0.993 0.92 0.996 1.281 1.409 1.294 1.151 1.133
1.083 1.403 1.07 0.61 0.701 1.229 1.402 0.93 0.993 0.92 0.996 1.281 1.409 1.294 1.151 0.932
1.211 1.403 1.07 0.61 0.701 1.229 1.402 0.93 0.993 0.92 0.996 1.281 1.409 1.294 1.151 1.045
1.179 1.403 1.07 0.61 0.701 1.229 1.402 0.93 0.993 0.92 0.996 1.281 1.409 1.294 1.151 1.215
0.547 1.403 1.07 0.61 0.701 1.229 1.402 0.93 0.993 0.92 0.996 1.281 1.409 1.294 1.151 0.561
1.006 1.403 1.07 0.61 0.701 1.229 1.402 0.93 0.993 0.92 0.996 1.281 1.409 1.294 1.151 1.14
1.208 1.403 1.07 0.61 0.701 1.229 1.402 0.93 0.993 0.92 0.996 1.281 1.409 1.294 1.151 1.331
1.271 1.403 1.07 0.61 0.701 1.229 1.402 0.93 0.993 0.92 0.996 1.281 1.409 1.294 1.151 1.304
0.743 1.403 1.07 0.61 0.701 1.229 1.402 0.93 0.993 0.92 0.996 1.281 1.409 1.294 1.151 1.279
1.039 1.403 1.07 0.61 0.701 1.229 1.402 0.93 0.993 0.92 0.996 1.281 1.409 1.294 1.151 1.013
1.504 1.403 1.07 0.61 0.701 1.229 1.402 0.93 0.993 0.92 0.996 1.281 1.409 1.294 1.151 1.029
1.179 1.403 1.07 0.61 0.701 1.229 1.402 0.93 0.993 0.92 0.996 1.281 1.409 1.294 1.151 0.717
1.218 1.403 1.07 0.61 0.701 1.229 1.402 0.93 0.993 0.92 0.996 1.281 1.409 1.294 1.151 1.276
0.819 1.403 1.07 0.61 0.701 1.229 1.402 0.93 0.993 0.92 0.996 1.281 1.409 1.294 1.151 1.016
1.017 1.403 1.07 0.61 0.701 1.229 1.402 0.93 0.993 0.92 0.996 1.281 1.409 1.294 1.151 1.344
1.495 1.403 1.07 0.61 0.701 1.229 1.402 0.93 0.993 0.92 0.996 1.281 1.409 1.294 1.151 0.82
0.794 1.403 1.07 0.61 0.701 1.229 1.402 0.93 0.993 0.92 0.996 1.281 1.409 1.294 1.151 1.266
1.303 1.403 1.07 0.61 0.701 1.229 1.402 0.93 0.993 0.92 0.996 1.281 1.409 1.294 1.151 1.369
1.161 1.403 1.07 0.61 0.701 1.229 1.402 0.93 0.993 0.92 0.996 1.281 1.409 1.294 1.151 1.003
1.518 1.403 1.07 0.61 0.701 1.229 1.402 0.93 0.993 0.92 0.996 1.281 1.409 1.294 1.151 1.253
0.818 1.403 1.07 0.61 0.701 1.229 1.402 0.93 0.993 0.92 0.996 1.281 1.409 1.294 1.151 0.674
1.424 1.403 1.07 0.61 0.701 1.229 1.402 0.93 0.993 0.92 0.996 1.281 1.409 1.294 1.151 0.85
1.28 1.403 1.07 0.61 0.701 1.229 1.402 0.93 0.993 0.92 0.996 1.281 1.409 1.294 1.151 1.057
0.836 1.403 1.07 0.61 0.701 1.229 1.402 0.93 0.993 0.92 0.996 1.281 1.409 1.294 1.151 1.108
1.071 1.403 1.07 0.61 0.701 1.229 1.402 0.93 0.993 0.92 0.996 1.281 1.409 1.294 1.151 0.923
0.742 1.403 1.07 0.61 0.701 1.229 1.402 0.93 0.993 0.92 0.996 1.281 1.409 1.294 1.151 1.306
1.165 1.403 1.07 0.61 0.701 1.229 1.402 0.93 0.993 0.92 0.996 1.281 1.409 1.294 1.151 1.11
1.084 1.403 1.07 0.61 0.701 1.229 1.402 0.93 0.993 0.92 0.996 1.281 1.409 1.294 1.151 1.055
1.164 1.403 1.07 0.61 0.701 1.229 1.402 0.93 0.993 0.92 0.996 1.281 1.409 1.294 1.151 0.545
1.203 1.403 1.07 0.61 0.701 1.229 1.402 0.93 0.993 0.92 0.996 1.281 1.409 1.294 1.151 1.337
1.591 1.403 1.07 0.61 0.701 1.229 1.402 0.93 0.993 0.92 0.996 1.281 1.409 1.294 1.151 1.058
1.055 1.403 1.07 0.61 0.701 1.229 1.402 0.93 0.993 0.92 0.996 1.281 1.409 1.294 1.151 0.952
0.533 1.403 1.07 0.61 0.701 1.229 1.402 0.93 0.993 0.92 0.996 1.281 1.409 1.294 1.151 1.415
1.21 1.403 1.07 0.61 0.701 1.229 1.402 0.93 0.993 0.92 0.996 1.281 1.409 1.294 1.151 1.471
1.282 1.403 1.07 0.61 0.701 1.229 1.402 0.93 0.993 0.92 0.996 1.281 1.409 1.294 1.151 1.492
1.211 1.403 1.07 0.61 0.701 1.229 1.402 0.93 0.993 0.92 0.996 1.281 1.409 1.294 1.151 1.099
0.875 1.403 1.07 0.61 0.701 1.229 1.402 0.93 0.993 0.92 0.996 1.281 1.409 1.294 1.151 0.564
0.564 1.403 1.07 0.61 0.701 1.229 1.402 0.93 0.993 0.92 0.996 1.281 1.409 1.294 1.151 0.558
0.582 1.403 1.07 0.61 0.701 1.229 1.402 0.93 0.993 0.92 0.996 1.281 1.409 1.294 1.151 0.872
0.623 1.403 1.07 0.61 0.701 1.229 1.402 0.93 0.993 0.92 0.996 1.281 1.409 1.294 1.151 1.01
1.202 1.403 1.07 0.61 0.701 1.229 1.402 0.93 0.993 0.92 0.996 1.281 1.409 1.294 1.151 0.817
0.91 1.403 1.07 0.61 0.701 1.229 1.402 0.93 0.993 0.92 0.996 1.281 1.409 1.294 1.151 0.871
0.776 1.403 1.07 0.61 0.701 1.229 1.402 0.93 0.993 0.92 0.996 1.281 1.409 1.294 1.151 1.641
1.417 1.403 1.07 0.61 0.701 1.229 1.402 0.93 0.993 0.92 0.996 1.281 1.409 1.294 1.151 1.095
0.59 1.403 1.07 0.61 0.701 1.229 1.402 0.93 0.993 0.92 0.996 1.281 1.409 1.294 1.151 1.076
0.839 1.403 1.07 0.61 0.701 1.229 1.402 0.93 0.993 0.92 0.996 1.281 1.409 1.294 1.151 0.706
1.64 1.403 1.07 0.61 0.701 1.229 1.402 0.93 0.993 0.92 0.996 1.281 1.409 1.294 1.151 1.561
1.119 1.403 1.07 0.61 0.701 1.229 1.402 0.93 0.993 0.92 0.996 1.281 1.409 1.294 1.151 1.145
1.166 1.403 1.07 0.61 0.701 1.229 1.402 0.93 0.993 0.92 0.996 1.281 1.409 1.294 1.151 1.109
0.264 1.403 1.07 0.61 0.701 1.229 1.402 0.93 0.993 0.92 0.996 1.281 1.409 1.294 1.151 1
1.575 1.403 1.07 0.61 0.701 1.229 1.402 0.93 0.993 0.92 0.996 1.281 1.409 1.294 1.151 1.168
1.161 1.403 1.07 0.61 0.701 1.229 1.402 0.93 0.993 0.92 0.996 1.281 1.409 1.294 1.151 1.352
1.008 1.403 1.07 0.61 0.701 1.229 1.402 0.93 0.993 0.92 0.996 1.281 1.409 1.294 1.151 1.024
0.734 1.403 1.07 0.61 0.701 1.229 1.402 0.93 0.993 0.92 0.996 1.281 1.409 1.294 1.151 1.507
0.732 1.403 1.07 0.61 0.701 1.229 1.402 0.93 0.993 0.92 0.996 1.281 1.409 1.294 1.151 0.764
1.26 1.403 1.07 0.61 0.701 1.229 1.402 0.93 0.993 0.92 0.996 1.281 1.409 1.294 1.151 0.97
1.617 1.403 1.07 0.61 0.701 1.229 1.402 0.93 0.993 0.92 0.996 1.281 1.409 1.294 1.151 1.643
1.087 1.403 1.07 0.61 0.701 1.229 1.402 0.93 0.993 0.92 0.996 1.281 1.409 1.294 1.151 1.11
1.158 1.403 1.07 0.61 0.701 1.229 1.402 0.93 0.993 0.92 0.996 1.281 1.409 1.294 1.151 0.609
0.715 1.403 1.07 0.61 0.701 1.229 1.402 0.93 0.993 0.92 0.996 1.281 1.409 1.294 1.151 1.035
1.207 1.403 1.07 0.61 0.701 1.229 1.402 0.93 0.993 0.92 0.996 1.281 1.409 1.294 1.151 1.231
1.516 1.403 1.07 0.61 0.701 1.229 1.402 0.93 0.993 0.92 0.996 1.281 1.409 1.294 1.151 1.579
1.163 1.403 1.07 0.61 0.701 1.229 1.402 0.93 0.993 0.92 0.996 1.281 1.409 1.294 1.151 1.227
1.528 1.403 1.07 0.61 0.701 1.229 1.402 0.93 0.993 0.92 0.996 1.281 1.409 1.294 1.151 1.403
1.52 1.403 1.07 0.61 0.701 1.229 1.402 0.93 0.993 0.92 0.996 1.281 1.409 1.294 1.151 1.024
0.896 1.403 1.07 0.61 0.701 1.229 1.402 0.93 0.993 0.92 0.996 1.281 1.409 1.294 1.151 0.733
0.983 1.403 1.07 0.61 0.701 1.229 1.402 0.93 0.993 0.92 0.996 1.281 1.409 1.294 1.151 1.129
0.545 1.403 1.07 0.61 0.701 1.229 1.402 0.93 0.993 0.92 0.996 1.281 1.409 1.294 1.151 1.257
0.764 1.403 1.07 0.61 0.701 1.229 1.402 0.93 0.993 0.92 0.996 1.281 1.409 1.294 1.151 0.988
0.996 1.403 1.07 0.61 0.701 1.229 1.402 0.93 0.993 0.92 0.996 1.281 1.409 1.294 1.151 0.88
1.332 1.403 1.07 0.61 0.701 1.229 1.402 0.93 0.993 0.92 0.996 1.281 1.409 1.294 1.151 1.054
1.006 1.403 1.07 0.61 0.701 1.229 1.402 0.93 0.993 0.92 0.996 1.281 1.409 1.294 1.151 1.289
1.531 1.403 1.07 0.61 0.701 1.229 1.402 0.93 0.993 0.92 0.996 1.281 1.409 1.294 1.151 1.343
1.087 1.403 1.07 0.61 0.701 1.229 1.402 0.93 0.993 0.92 0.996 1.281 1.409 1.294 1.151 0.917
1.511 1.403 1.07 0.61 0.701 1.229 1.402 0.93 0.993 0.92 0.996 1.281 1.409 1.294 1.151 1.109
0.382 1.403 1.07 0.61 0.701 1.229 1.402 0.93 0.993 0.92 0.996 1.281 1.409 1.294 1.151 1.27
0.707 1.403 1.07 0.61 0.701 1.229 1.402 0.93 0.993 0.92 0.996 1.281 1.409 1.294 1.151 1.229
0.884 1.403 1.07 0.61 0.701 1.229 1.402 0.93 0.993 0.92 0.996 1.281 1.409 1.294 1.151 1.526
0.953 1.403 1.07 0.61 0.701 1.229 1.402 0.93 0.993 0.92 0.996 1.281 1.409 1.294 1.151 1.511
1.102 1.403 1.07 0.61 0.701 1.229 1.402 0.93 0.993 0.92 0.996 1.281 1.409 1.294 1.151 0.953
0.941 1.403 1.07 0.61 0.701 1.229 1.402 0.93 0.993 0.92 0.996 1.281 1.409 1.294 1.151 0.997
1.551 1.403 1.07 0.61 0.701 1.229 1.402 0.93 0.993 0.92 0.996 1.281 1.409 1.294 1.151 1.038
1.19 1.403 1.07 0.61 0.701 1.229 1.402 0.93 0.993 0.92 0.996 1.281 1.409 1.294 1.151 1.284
1.212 1.403 1.07 0.61 0.701 1.229 1.402 0.93 0.993 0.92 0.996 1.281 1.409 1.294 1.151 1.156
1.493 1.403 1.07 0.61 0.701 1.229 1.402 0.93 0.993 0.92 0.996 1.281 1.409 1.294 1.151 1.079
1.557 1.403 1.07 0.61 0.701 1.229 1.402 0.93 0.993 0.92 0.996 1.281 1.409 1.294 1.151 1.051
1.038 1.403 1.07 0.61 0.701 1.229 1.402 0.93 0.993 0.92 0.996 1.281 1.409 1.294 1.151 0.707
1.363 1.403 1.07 0.61 0.701 1.229 1.402 0.93 0.993 0.92 0.996 1.281 1.409 1.294 1.151 1.128
1.108 1.403 1.07 0.61 0.701 1.229 1.402 0.93 0.993 0.92 0.996 1.281 1.409 1.294 1.151 1.07
0.98 1.403 1.07 0.61 0.701 1.229 1.402 0.93 0.993 0.92 0.996 1.281 1.409 1.294 1.151 1.56
0.704 1.403 1.07 0.61 0.701 1.229 1.402 0.93 0.993 0.92 0.996 1.281 1.409 1.294 1.151 0.674
1.294 1.403 1.07 0.61 0.701 1.229 1.402 0.93 0.993 0.92 0.996 1.281 1.409 1.294 1.151 0.976
1.206 1.403 1.07 0.61 0.701 1.229 1.402 0.93 0.993 0.92 0.996 1.281 1.409 1.294 1.151 0.7
0.673 1.403 1.07 0.61 0.701 1.229 1.402 0.93 0.993 0.92 0.996 1.281 1.409 1.294 1.151 1.277
1.342 1.403 1.07 0.61 0.701 1.229 1.402 0.93 0.993 0.92 0.996 1.281 1.409 1.294 1.151 1.416
1.171 1.403 1.07 0.61 0.701 1.229 1.402 0.93 0.993 0.92 0.996 1.281 1.409 1.294 1.151 1.329
0.874 1.403 1.07 0.61 0.701 1.229 1.402 0.93 0.993 0.92 0.996 1.281 1.409 1.294 1.151 1.17
1.022 1.403 1.07 0.61 0.701 1.229 1.402 0.93 0.993 0.92 0.996 1.281 1.409 1.294 1.151 0.937
0.918 1.403 1.07 0.61 0.701 1.229 1.402 0.93 0.993 0.92 0.996 1.281 1.409 1.294 1.151 1.034
0.681 1.403 1.07 0.61 0.701 1.229 1.402 0.93 0.993 0.92 0.996 1.281 1.409 1.294 1.151 1.19
0.584 1.403 1.07 0.61 0.701 1.229 1.402 0.93 0.993 0.92 0.996 1.281 1.409 1.294 1.151 1.276
1.094 1.403 1.07 0.61 0.701 1.229 1.402 0.93 0.993 0.92 0.996 1.281 1.409 1.294 1.151 0.523
0.657 1.403 1.07 0.61 0.701 1.229 1.402 0.93 0.993 0.92 0.996 1.281 1.409 1.294 1.151 0.794
0.989 1.403 1.07 0.61 0.701 1.229 1.402 0.93 0.993 0.92 0.996 1.281 1.409 1.294 1.151 0.965
1.108 1.403 1.07 0.61 0.701 1.229 1.402 0.93 0.993 0.92 0.996 1.281 1.409 1.294 1.151 1.009
1.289 1.403 1.07 0.61 0.701 1.229 1.402 0.93 0.993 0.92 0.996 1.281 1.409 1.294 1.151 1.439
1.116 1.403 1.07 0.61 0.701 1.229 1.402 0.93 0.993 0.92 0.996 1.281 1.409 1.294 1.151 0.921
1.368 1.403 1.07 0.61 0.701 1.229 1.402 0.93 0.993 0.92 0.996 1.281 1.409 1.294 1.151 0.777
0.878 1.403 1.07 0.61 0.701 1.229 1.402 0.93 0.993 0.92 0.996 1.281 1.409 1.294 1.151 0.893
0.696 1.403 1.07 0.61 0.701 1.229 1.402 0.93 0.993 0.92 0.996 1.281 1.409 1.294 1.151 1.234
1.296 1.403 1.07 0.61 0.701 1.229 1.402 0.93 0.993 0.92 0.996 1.281 1.409 1.294 1.151 1.383
0.664 1.403 1.07 0.61 0.701 1.229 1.402 0.93 0.993 0.92 0.996 1.281 1.409 1.294 1.151 0.967
0.562 1.403 1.07 0.61 0.701 1.229 1.402 0.93 0.993 0.92 0.996 1.281 1.409 1.294 1.151 1.359
1.322 1.403 1.07 0.61 0.701 1.229 1.402 0.93 0.993 0.92 0.996 1.281 1.409 1.294 1.151 0.978
0.751 1.403 1.07 0.61 0.701 1.229 1.402 0.93 0.993 0.92 0.996 1.281 1.409 1.294 1.151 0.978
1.246 1.403 1.07 0.61 0.701 1.229 1.402 0.93 0.993 0.92 0.996 1.281 1.409 1.294 1.151 1.449
1.881 1.403 1.07 0.61 0.701 1.229 1.402 0.93 0.993 0.92 0.996 1.281 1.409 1.294 1.151 1.725
1.488 1.403 1.07 0.61 0.701 1.229 1.402 0.93 0.993 0.92 0.996 1.281 1.409 1.294 1.151 0.614
1.688 1.403 1.07 0.61 0.701 1.229 1.402 0.93 0.993 0.92 0.996 1.281 1.409 1.294 1.151 1.66
1.002 1.403 1.07 0.61 0.701 1.229 1.402 0.93 0.993 0.92 0.996 1.281 1.409 1.294 1.151 1.669
0.479 1.403 1.07 0.61 0.701 1.229 1.402 0.93 0.993 0.92 0.996 1.281 1.409 1.294 1.151 0.806
0.963 1.403 1.07 0.61 0.701 1.229 1.402 0.93 0.993 0.92 0.996 1.281 1.409 1.294 1.151 1.253
0.735 1.403 1.07 0.61 0.701 1.229 1.402 0.93 0.993 0.92 0.996 1.281 1.409 1.294 1.151 1.192
0.976 1.403 1.07 0.61 0.701 1.229 1.402 0.93 0.993 0.92 0.996 1.281 1.409 1.294 1.151 0.935
1.423 1.403 1.07 0.61 0.701 1.229 1.402 0.93 0.993 0.92 0.996 1.281 1.409 1.294 1.151 1.144
1.137 1.403 1.07 0.61 0.701 1.229 1.402 0.93 0.993 0.92 0.996 1.281 1.409 1.294 1.151 0.967
1.339 1.403 1.07 0.61 0.701 1.229 1.402 0.93 0.993 0.92 0.996 1.281 1.409 1.294 1.151 1.098
1.037 1.403 1.07 0.61 0.701 1.229 1.402 0.93 0.993 0.92 0.996 1.281 1.409 1.294 1.151 1.454
1.009 1.403 1.07 0.61 0.701 1.229 1.402 0.93 0.993 0.92 0.996 1.281 1.409 1.294 1.151 1.244
1.02 1.403 1.07 0.61 0.701 1.229 1.402 0.93 0.993 0.92 0.996 1.281 1.409 1.294 1.151 1.071
1.251 1.403 1.07 0.61 0.701 1.229 1.402 0.93 0.993 0.92 0.996 1.281 1.409 1.294 1.151 0.808
1.067 1.403 1.07 0.61 0.701 1.229 1.402 0.93 0.993 0.92 0.996 1.281 1.409 1.294 1.151 0.977
0.696 1.403 1.07 0.61 0.701 1.229 1.402 0.93 0.993 0.92 0.996 1.281 1.409 1.294 1.151 0.781
1.357 1.403 1.07 0.61 0.701 1.229 1.402 0.93 0.993 0.92 0.996 1.281 1.409 1.294 1.151 1.291
1.299 1.403 1.07 0.61 0.701 1.229 1.402 0.93 0.993 0.92 0.996 1.281 1.409 1.294 1.151 1.546
0.793 1.403 1.07 0.61 0.701 1.229 1.402 0.93 0.993 0.92 0.996 1.281 1.409 1.294 1.151 1.201
1.1 1.403 1.07 0.61 0.701 1.229 1.402 0.93 0.993 0.92 0.996 1.281 1.409 1.294 1.151 0.887
1.372 1.403 1.07 0.61 0.701 1.229 1.402 0.93 0.993 0.92 0.996 1.281 1.409 1.294 1.151 1.072
0.651 1.403 1.07 0.61 0.701 1.229 1.402 0.93 0.993 0.92 0.996 1.281 1.409 1.294 1.151 0.691
1.096 1.403 1.07 0.61 0.701 1.229 1.402 0.93 0.993 0.92 0.996 1.281 1.409 1.294 1.151 1.249
0.971 1.403 1.07 0.61 0.701 1.229 1.402 0.93 0.993 0.92 0.996 1.281 1.409 1.294 1.151 1.574
1.46 1.403 1.07 0.61 0.701 1.229 1.402 0.93 0.993 0.92 0.996 1.281 1.409 1.294 1.151 1.638
0.968 1.403 1.07 0.61 0.701 1.229 1.402 0.93 0.993 0.92 0.996 1.281 1.409 1.294 1.151 1.317
1.626 1.403 1.07 0.61 0.701 1.229 1.402 0.93 0.993 0.92 0.996 1.281 1.409 1.294 1.151 1.121
1.606 1.403 1.07 0.61 0.701 1.229 1.402 0.93 0.993 0.92 0.996 1.281 1.409 1.294 1.151 0.603
1.356 1.403 1.07 0.61 0.701 1.229 1.402 0.93 0.993 0.92 0.996 1.281 1.409 1.294 1.151 1.408
1.347 1.403 1.07 0.61 0.701 1.229 1.402 0.93 0.993 0.92 0.996 1.281 1.409 1.294 1.151 0.907
0.996 1.403 1.07 0.61 0.701 1.229 1.402 0.93 0.993 0.92 0.996 1.281 1.409 1.294 1.151 0.772
1.302 1.403 1.07 0.61 0.701 1.229 1.402 0.93 0.993 0.92 0.996 1.281 1.409 1.294 1.151 0.731
0.832 1.403 1.07 0.61 0.701 1.229 1.402 0.93 0.993 0.92 0.996 1.281 1.409 1.294 1.151 0.805
0.363 1.403 1.07 0.61 0.701 1.229 1.402 0.93 0.993 0.92 0.996 1.281 1.409 1.294 1.151 0.703
1.279 1.403 1.07 0.61 0.701 1.229 1.402 0.93 0.993 0.92 0.996 1.281 1.409 1.294 1.151 1.05
0.665 1.403 1.07 0.61 0.701 1.229 1.402 0.93 0.993 0.92 0.996 1.281 1.409 1.294 1.151 1.415
0.63 1.403 1.07 0.61 0.701 1.229 1.402 0.93 0.993 0.92 0.996 1.281 1.409 1.294 1.151 1.357
1.335 1.403 1.07 0.61 0.701 1.229 1.402 0.93 0.993 0.92 0.996 1.281 1.409 1.294 1.151 1.551
1.017 1.403 1.07 0.61 0.701 1.229 1.402 0.93 0.993 0.92 0.996 1.281 1.409 1.294 1.151 1.423
1.148 1.403 1.07 0.61 0.701 1.229 1.402 0.93 0.993 0.92 0.996 1.281 1.409 1.294 1.151 1.18
0.858 1.403 1.07 0.61 0.701 1.229 1.402 0.93 0.993 0.92 0.996 1.281 1.409 1.294 1.151 0.947
1.363 1.403 1.07 0.61 0.701 1.229 1.402 0.93 0.993 0.92 0.996 1.281 1.409 1.294 1.151 0.824
0.419 1.403 1.07 0.61 0.701 1.229 1.402 0.93 0.993 0.92 0.996 1.281 1.409 1.294 1.151 0.604
1.525 1.403 1.07 0.61 0.701 1.229 1.402 0.93 0.993 0.92 0.996 1.281 1.409 1.294 1.151 0.716
0.56 1.403 1.07 0.61 0.701 1.229 1.402 0.93 0.993 0.92 0.996 1.281 1.409 1.294 1.151 0.85
0.794 1.403 1.07 0.61 0.701 1.229 1.402 0.93 0.993 0.92 0.996 1.281 1.409 1.294 1.151 1.071
0.998 1.403 1.07 0.61 0.701 1.229 1.402 0.93 0.993 0.92 0.996 1.281 1.409 1.294 1.151 0.804
1.297 1.403 1.07 0.61 0.701 1.229 1.402 0.93 0.993 0.92 0.996 1.281 1.409 1.294 1.151 1.499
1.195 1.403 1.07 0.61 0.701 1.229 1.402 0.93 0.993 0.92 0.996 1.281 1.409 1.294 1.151 1.463
0.941 1.403 1.07 0.61 0.701 1.229 1.402 0.93 0.993 0.92 0.996 1.281 1.409 1.294 1.151 1.325
0.868 1.403 1.07 0.61 0.701 1.229 1.402 0.93 0.993 0.92 0.996 1.281 1.409 1.294 1.151 0.918
0.967 1.403 1.07 0.61 0.701 1.229 1.402 0.93 0.993 0.92 0.996 1.281 1.409 1.294 1.151 1.31
1.32 1.403 1.07 0.61 0.701 1.229 1.402 0.93 0.993 0.92 0.996 1.281 1.409 1.294 1.151 1.255
1.013 1.403 1.07 0.61 0.701 1.229 1.402 0.93 0.993 0.92 0.996 1.281 1.409 1.294 1.151 1.077
0.741 1.403 1.07 0.61 0.701 1.229 1.402 0.93 0.993 0.92 0.996 1.281 1.409 1.294 1.151 0.934
0.975 1.403 1.07 0.61 0.701 1.229 1.402 0.93 0.993 0.92 0.996 1.281 1.409 1.294 1.151 1.12
1.516 1.403 1.07 0.61 0.701 1.229 1.402 0.93 0.993 0.92 0.996 1.281 1.409 1.294 1.151 0.815
0.742 1.403 1.07 0.61 0.701 1.229 1.402 0.93 0.993 0.92 0.996 1.281 1.409 1.294 1.151 1.144
0.851 1.403 1.07 0.61 0.701 1.229 1.402 0.93 0.993 0.92 0.996 1.281 1.409 1.294 1.151 0.876
1.125 1.403 1.07 0.61 0.701 1.229 1.402 0.93 0.993 0.92 0.996 1.281 1.409 1.294 1.151 1.277
0.698 1.403 1.07 0.61 0.701 1.229 1.402 0.93 0.993 0.92 0.996 1.281 1.409 1.294 1.151 0.528
0.492 1.403 1.07 0.61 0.701 1.229 1.402 0.93 0.993 0.92 0.996 1.281 1.409 1.294 1.151 1.069
1.593 1.403 1.07 0.61 0.701 1.229 1.402 0.93 0.993 0.92 0.996 1.281 1.409 1.294 1.151 0.799
1.201 1.403 1.07 0.61 0.701 1.229 1.402 0.93 0.993 0.92 0.996 1.281 1.409 1.294 1.151 1.072
1.331 1.403 1.07 0.61 0.701 1.229 1.402 0.93 0.993 0.92 0.996 1.281 1.409 1.294 1.151 1.358
0.761 1.403 1.07 0.61 0.701 1.229 1.402 0.93 0.993 0.92 0.996 1.281 1.409 1.294 1.151 1.04
0.696 1.403 1.07 0.61 0.701 1.229 1.402 0.93 0.993 0.92 0.996 1.281 1.409 1.294 1.151 0.922
0.862 1.403 1.07 0.61 0.701 1.229 1.402 0.93 0.993 0.92 0.996 1.281 1.409 1.294 1.151 0.94
0.675 1.403 1.07 0.61 0.701 1.229 1.402 0.93 0.993 0.92 0.996 1.281 1.409 1.294 1.151 0.859
0.424 1.403 1.07 0.61 0.701 1.229 1.402 0.93 0.993 0.92 0.996 1.281 1.409 1.294 1.151 1.504
1.602 1.403 1.07 0.61 0.701 1.229 1.402 0.93 0.993 0.92 0.996 1.281 1.409 1.294 1.151 1.516
1.347 1.403 1.07 0.61 0.701 1.229 1.402 0.93 0.993 0.92 0.996 1.281 1.409 1.294 1.151 0.556
1.542 1.403 1.07 0.61 0.701 1.229 1.402 0.93 0.993 0.92 0.996 1.281 1.409 1.294 1.151 1.257
0.815 1.403 1.07 0.61 0.701 1.229 1.402 0.93 0.993 0.92 0.996 1.281 1.409 1.294 1.151 1.055
1.496 1.403 1.07 0.61 0.701 1.229 1.402 0.93 0.993 0.92 0.996 1.281 1.409 1.294 1.151 1.261
0.949 1.403 1.07 0.61 0.701 1.229 1.402 0.93 0.993 0.92 0.996 1.281 1.409 1.294 1.151 1.177
1.617 1.403 1.07 0.61 0.701 1.229 1.402 0.93 0.993 0.92 0.996 1.281 1.409 1.294 1.151 1.038
1.403 1.403 1.07 0.61 0.701 1.229 1.402 0.93 0.993 0.92 0.996 1.281 1.409 1.294 1.151 0.802
1.067 1.403 1.07 0.61 0.701 1.229 1.402 0.93 0.993 0.92 0.996 1.281 1.409 1.294 1.151 1.187
0.738 1.403 1.07 0.61 0.701 1.229 1.402 0.93 0.993 0.92 0.996 1.281 1.409 1.294 1.151 1.487
1.313 1.403 1.07 0.61 0.701 1.229 1.402 0.93 0.993 0.92 0.996 1.281 1.409 1.294 1.151 0.924
1.29 1.403 1.07 0.61 0.701 1.229 1.402 0.93 0.993 0.92 0.996 1.281 1.409 1.294 1.151 1.098
0.846 1.403 1.07 0.61 0.701 1.229 1.402 0.93 0.993 0.92 0.996 1.281 1.409 1.294 1.151 1.638
