0.87 0.7 1.313 0.925 1.033 1.093 0.991 0.914 0.816 0.98 1.097 1.074 1.041 1.053 1.063 0.759
0.998 0.7 1.313 0.925 1.033 1.093 0.991 0.914 0.816 0.98 1.097 1.074 1.041 1.053 1.063 0.816
0.688 0.7 1.313 0.925 1.033 1.093 0.991 0.914 0.816 0.98 1.097 1.074 1.041 1.053 1.063 0.811
0.649 0.7 1.313 0.925 1.033 1.093 0.991 0.914 0.816 0.98 1.097 1.074 1.041 1.053 1.063 1.367
0.528 0.7 1.313 0.925 1.033 1.093 0.991 0.914 0.816 0.98 1.097 1.074 1.041 1.053 1.063 0.636
1.06 0.7 1.313 0.925 1.033 1.093 0.991 0.914 0.816 0.98 1.097 1.074 1.041 1.053 1.063 0.925
0.794 0.7 1.313 0.925 1.033 1.093 0.991 0.914 0.816 0.98 1.097 1.074 1.041 1.053 1.063 0.603
0.642 0.7 1.313 0.925 1.033 1.093 0.991 0.914 0.816 0.98 1.097 1.074 1.041 1.053 1.063 1.274
1.164 0.7 1.313 0.925 1.033 1.093 0.991 0.914 0.816 0.98 1.097 1.074 1.041 1.053 1.063 1.1
1.041 0.7 1.313 0.925 1.033 1.093 0.991 0.914 0.816 0.98 1.097 1.074 1.041 1.053 1.063 1.231
1.143 0.7 1.313 0.925 1.033 1.093 0.991 0.914 0.816 0.98 1.097 1.074 1.041 1.053 1.063 1.023
0.974 0.7 1.313 0.925 1.033 1.093 0.991 0.914 0.816 0.98 1.097 1.074 1.041 1.053 1.063 1.044
1.23 0.7 1.313 0.925 1.033 1.093 0.991 0.914 0.816 0.98 1.097 1.074 1.041 1.053 1.063 1.342
0.78 0.7 1.313 0.925 1.033 1.093 0.991 0.914 0.816 0.98 1.097 1.074 1.041 1.053 1.063 1.391
1.311 0.7 1.313 0.925 1.033 1.093 0.991 0.914 0.816 0.98 1.097 1.074 1.041 1.053 1.063 1.13
1.074 0.7 1.313 0.925 1.033 1.093 0.991 0.914 0.816 0.98 1.097 1.074 1.041 1.053 1.063 0.894
0.923 0.7 1.313 0.925 1.033 1.093 0.991 0.914 0.816 0.98 1.097 1.074 1.041 1.053 1.063 1.123
0.664 0.7 1.313 0.925 1.033 1.093 0.991 0.914 0.816 0.98 1.097 1.074 1.041 1.053 1.063 1.112
0.862 0.7 1.313 0.925 1.033 1.093 0.991 0.914 0.816 0.98 1.097 1.074 1.041 1.053 1.063 0.719
1.033 0.7 1.313 0.925 1.033 1.093 0.991 0.914 0.816 0.98 1.097 1.074 1.041 1.053 1.063 0.84
0.872 0.7 1.313 0.925 1.033 1.093 0.991 0.914 0.816 0.98 1.097 1.074 1.041 1.053 1.063 1.132
0.658 0.7 1.313 0.925 1.033 1.093 0.991 0.914 0.816 0.98 1.097 1.074 1.041 1.053 1.063 1.161
1.298 0.7 1.313 0.925 1.033 1.093 0.991 0.914 0.816 0.98 1.097 1.074 1.041 1.053 1.063 1.214
0.714 0.7 1.313 0.925 1.033 1.093 0.991 0.914 0.816 0.98 1.097 1.074 1.041 1.053 1.063 1.033
0.882 0.7 1.313 0.925 1.033 1.093 0.991 0.914 0.816 0.98 1.097 1.074 1.041 1.053 1.063 0.916
1.065 0.7 1.313 0.925 1.033 1.093 0.991 0.914 0.816 0.98 1.097 1.074 1.041 1.053 1.063 1.421
1.339 0.7 1.313 0.925 1.033 1.093 0.991 0.914 0.816 0.98 1.097 1.074 1.041 1.053 1.063 1.432
0.893 0.7 1.313 0.925 1.033 1.093 0.991 0.914 0.816 0.98 1.097 1.074 1.041 1.053 1.063 0.846
1.125 0.7 1.313 0.925 1.033 1.093 0.991 0.914 0.816 0.98 1.097 1.074 1.041 1.053 1.063 1.144
1.078 0.7 1.313 0.925 1.033 1.093 0.991 0.914 0.816 0.98 1.097 1.074 1.041 1.053 1.063 1.249
0.997 0.7 1.313 0.925 1.033 1.093 0.991 0.914 0.816 0.98 1.097 1.074 1.041 1.053 1.063 0.606
1.103 0.7 1.313 0.925 1.033 1.093 0.991 0.914 0.816 0.98 1.097 1.074 1.041 1.053 1.063 0.842
1.008 0.7 1.313 0.925 1.033 1.093 0.991 0.914 0.816 0.98 1.097 1.074 1.041 1.053 1.063 0.518
0.803 0.7 1.313 0.925 1.033 1.093 0.991 0.914 0.816 0.98 1.097 1.074 1.041 1.053 1.063 0.876
1.15 0.7 1.313 0.925 1.033 1.093 0.991 0.914 0.816 0.98 1.097 1.074 1.041 1.053 1.063 0.85
0.911 0.7 1.313 0.925 1.033 1.093 0.991 0.914 0.816 0.98 1.097 1.074 1.041 1.053 1.063 1.053
0.92 0.7 1.313 0.925 1.033 1.093 0.991 0.914 0.816 0.98 1.097 1.074 1.041 1.053 1.063 0.862
1.281 0.7 1.313 0.925 1.033 1.093 0.991 0.914 0.816 0.98 1.097 1.074 1.041 1.053 1.063 0.948
1.05 0.7 1.313 0.925 1.033 1.093 0.991 0.914 0.816 0.98 1.097 1.074 1.041 1.053 1.063 1.595
0.684 0.7 1.313 0.925 1.033 1.093 0.991 0.914 0.816 0.98 1.097 1.074 1.041 1.053 1.063 0.812
1.321 0.7 1.313 0.925 1.033 1.093 0.991 0.914 0.816 0.98 1.097 1.074 1.041 1.053 1.063 0.788
0.753 0.7 1.313 0.925 1.033 1.093 0.991 0.914 0.816 0.98 1.097 1.074 1.041 1.053 1.063 1.219
0.832 0.7 1.313 0.925 1.033 1.093 0.991 0.914 0.816 0.98 1.097 1.074 1.041 1.053 1.063 0.901
1.125 0.7 1.313 0.925 1.033 1.093 0.991 0.914 0.816 0.98 1.097 1.074 1.041 1.053 1.063 0.723
1.004 0.7 1.313 0.925 1.033 1.093 0.991 0.914 0.816 0.98 1.097 1.074 1.041 1.053 1.063 0.872
0.958 0.7 1.313 0.925 1.033 1.093 0.991 0.914 0.816 0.98 1.097 1.074 1.041 1.053 1.063 0.691
0.957 0.7 1.313 0.925 1.033 1.093 0.991 0.914 0.816 0.98 1.097 1.074 1.041 1.053 1.063 1.314
1.136 0.7 1.313 0.925 1.033 1.093 0.991 0.914 0.816 0.98 1.097 1.074 1.041 1.053 1.063 1.13
0.843 0.7 1.313 0.925 1.033 1.093 0.991 0.914 0.816 0.98 1.097 1.074 1.041 1.053 1.063 1.261
1.039 0.7 1.313 0.925 1.033 1.093 0.991 0.914 0.816 0.98 1.097 1.074 1.041 1.053 1.063 0.945
1.219 0.7 1.313 0.925 1.033 1.093 0.991 0.914 0.816 0.98 1.097 1.074 1.041 1.053 1.063 0.87
1.219 0.7 1.313 0.925 1.033 1.093 0.991 0.914 0.816 0.98 1.097 1.074 1.041 1.053 1.063 1.037
1.003 0.7 1.313 0.925 1.033 1.093 0.991 0.914 0.816 0.98 1.097 1.074 1.041 1.053 1.063 1.038
0.674 0.7 1.313 0.925 1.033 1.093 0.991 0.914 0.816 0.98 1.097 1.074 1.041 1.053 1.063 1.135
1.118 0.7 1.313 0.925 1.033 1.093 0.991 0.914 0.816 0.98 1.097 1.074 1.041 1.053 1.063 1.079
0.938 0.7 1.313 0.925 1.033 1.093 0.991 0.914 0.816 0.98 1.097 1.074 1.041 1.053 1.063 1.088
1.124 0.7 1.313 0.925 1.033 1.093 0.991 0.914 0.816 0.98 1.097 1.074 1.041 1.053 1.063 0.887
0.906 0.7 1.313 0.925 1.033 1.093 0.991 0.914 0.816 0.98 1.097 1.074 1.041 1.053 1.063 0.764
0.743 0.7 1.313 0.925 1.033 1.093 0.991 0.914 0.816 0.98 1.097 1.074 1.041 1.053 1.063 0.595
0.843 0.7 1.313 0.925 1.033 1.093 0.991 0.914 0.816 0.98 1.097 1.074 1.041 1.053 1.063 0.949
1.157 0.7 1.313 0.925 1.033 1.093 0.991 0.914 0.816 0.98 1.097 1.074 1.041 1.053 1.063 1.127
0.894 0.7 1.313 0.925 1.033 1.093 0.991 0.914 0.816 0.98 1.097 1.074 1.041 1.053 1.063 0.904
0.725 0.7 1.313 0.925 1.033 1.093 0.991 0.914 0.816 0.98 1.097 1.074 1.041 1.053 1.063 1.013
1.205 0.7 1.313 0.925 1.033 1.093 0.991 0.914 0.816 0.98 1.097 1.074 1.041 1.053 1.063 1.242
1.196 0.7 1.313 0.925 1.033 1.093 0.991 0.914 0.816 0.98 1.097 1.074 1.041 1.053 1.063 1.366
0.893 0.7 1.313 0.925 1.033 1.093 0.991 0.914 0.816 0.98 1.097 1.074 1.041 1.053 1.063 0.662
0.645 0.7 1.313 0.925 1.033 1.093 0.991 0.914 0.816 0.98 1.097 1.074 1.041 1.053 1.063 0.56
1.175 0.7 1.313 0.925 1.033 1.093 0.991 0.914 0.816 0.98 1.097 1.074 1.041 1.053 1.063 1.359
0.89 0.7 1.313 0.925 1.033 1.093 0.991 0.914 0.816 0.98 1.097 1.074 1.041 1.053 1.063 1.013
1.137 0.7 1.313 0.925 1.033 1.093 0.991 0.914 0.816 0.98 1.097 1.074 1.041 1.053 1.063 0.927
0.861 0.7 1.313 0.925 1.033 1.093 0.991 0.914 0.816 0.98 1.097 1.074 1.041 1.053 1.063 0.972
0.849 0.7 1.313 0.925 1.033 1.093 0.991 0.914 0.816 0.98 1.097 1.074 1.041 1.053 1.063 1.167
1.041 0.7 1.313 0.925 1.033 1.093 0.991 0.914 0.816 0.98 1.097 1.074 1.041 1.053 1.063 1.176
1.133 0.7 1.313 0.925 1.033 1.093 0.991 0.914 0.816 0.98 1.097 1.074 1.041 1.053 1.063 0.934
0.885 0.7 1.313 0.925 1.033 1.093 0.991 0.914 0.816 0.98 1.097 1.074 1.041 1.053 1.063 1.006
1.204 0.7 1.313 0.925 1.033 1.093 0.991 0.914 0.816 0.98 1.097 1.074 1.041 1.053 1.063 0.865
0.795 0.7 1.313 0.925 1.033 1.093 0.991 0.914 0.816 0.98 1.097 1.074 1.041 1.053 1.063 0.665
0.817 0.7 1.313 0.925 1.033 1.093 0.991 0.914 0.816 0.98 1.097 1.074 1.041 1.053 1.063 0.865
0.692 0.7 1.313 0.925 1.033 1.093 0.991 0.914 0.816 0.98 1.097 1.074 1.041 1.053 1.063 1.237
0.918 0.7 1.313 0.925 1.033 1.093 0.991 0.914 0.816 0.98 1.097 1.074 1.041 1.053 1.063 1.199
0.638 0.7 1.313 0.925 1.033 1.093 0.991 0.914 0.816 0.98 1.097 1.074 1.041 1.053 1.063 1.504
1.202 0.7 1.313 0.925 1.033 1.093 0.991 0.914 0.816 0.98 1.097 1.074 1.041 1.053 1.063 0.871
1.032 0.7 1.313 0.925 1.033 1.093 0.991 0.914 0.816 0.98 1.097 1.074 1.041 1.053 1.063 1.084
0.969 0.7 1.313 0.925 1.033 1.093 0.991 0.914 0.816 0.98 1.097 1.074 1.041 1.053 1.063 0.994
0.678 0.7 1.313 0.925 1.033 1.093 0.991 0.914 0.816 0.98 1.097 1.074 1.041 1.053 1.063 1.223
1.144 0.7 1.313 0.925 1.033 1.093 0.991 0.914 0.816 0.98 1.097 1.074 1.041 1.053 1.063 1.036
1.012 0.7 1.313 0.925 1.033 1.093 0.991 0.914 0.816 0.98 1.097 1.074 1.041 1.053 1.063 0.877
1.26 0.7 1.313 0.925 1.033 1.093 0.991 0.914 0.816 0.98 1.097 1.074 1.041 1.053 1.063 0.939
1.368 0.7 1.313 0.925 1.033 1.093 0.991 0.914 0.816 0.98 1.097 1.074 1.041 1.053 1.063 0.948
1.25 0.7 1.313 0.925 1.033 1.093 0.991 0.914 0.816 0.98 1.097 1.074 1.041 1.053 1.063 1.252
1.054 0.7 1.313 0.925 1.033 1.093 0.991 0.914 0.816 0.98 1.097 1.074 1.041 1.053 1.063 1.367
1.077 0.7 1.313 0.925 1.033 1.093 0.991 0.914 0.816 0.98 1.097 1.074 1.041 1.053 1.063 0.789
1.013 0.7 1.313 0.925 1.033 1.093 0.991 0.914 0.816 0.98 1.097 1.074 1.041 1.053 1.063 1.543
0.807 0.7 1.313 0.925 1.033 1.093 0.991 0.914 0.816 0.98 1.097 1.074 1.041 1.053 1.063 1.595
1.167 0.7 1.313 0.925 1.033 1.093 0.991 0.914 0.816 0.98 1.097 1.074 1.041 1.053 1.063 1.493
0.835 0.7 1.313 0.925 1.033 1.093 0.991 0.914 0.816 0.98 1.097 1.074 1.041 1.053 1.063 0.88
1.064 0.7 1.313 0.925 1.033 1.093 0.991 0.914 0.816 0.98 1.097 1.074 1.041 1.053 1.063 1.247
0.578 0.7 1.313 0.925 1.033 1.093 0.991 0.914 0.816 0.98 1.097 1.074 1.041 1.053 1.063 0.966
0.852 0.7 1.313 0.925 1.033 1.093 0.991 0.914 0.816 0.98 1.097 1.074 1.041 1.053 1.063 0.745
0.965 0.7 1.313 0.925 1.033 1.093 0.991 0.914 0.816 0.98 1.097 1.074 1.041 1.053 1.063 1.092
0.827 0.7 1.313 0.925 1.033 1.093 0.991 0.914 0.816 0.98 1.097 1.074 1.041 1.053 1.063 0.894
0.993 0.7 1.313 0.925 1.033 1.093 0.991 0.914 0.816 0.98 1.097 1.074 1.041 1.053 1.063 1.366
1.134 0.7 1.313 0.925 1.033 1.093 0.991 0.914 0.816 0.98 1.097 1.074 1.041 1.053 1.063 1.181
0.818 0.7 1.313 0.925 1.033 1.093 0.991 0.914 0.816 0.98 1.097 1.074 1.041 1.053 1.063 0.974
0.913 0.7 1.313 0.925 1.033 1.093 0.991 0.914 0.816 0.98 1.097 1.074 1.041 1.053 1.063 0.809
1.099 0.7 1.313 0.925 1.033 1.093 0.991 0.914 0.816 0.98 1.097 1.074 1.041 1.053 1.063 1.117
1.103 0.7 1.313 0.925 1.033 1.093 0.991 0.914 0.816 0.98 1.097 1.074 1.041 1.053 1.063 0.774
0.725 0.7 1.313 0.925 1.033 1.093 0.991 0.914 0.816 0.98 1.097 1.074 1.041 1.053 1.063 0.865
1.505 0.7 1.313 0.925 1.033 1.093 0.991 0.914 0.816 0.98 1.097 1.074 1.041 1.053 1.063 1.357
1.168 0.7 1.313 0.925 1.033 1.093 0.991 0.914 0.816 0.98 1.097 1.074 1.041 1.053 1.063 0.878
0.586 0.7 1.313 0.925 1.033 1.093 0.991 0.914 0.816 0.98 1.097 1.074 1.041 1.053 1.063 1.289
0.696 0.7 1.313 0.925 1.033 1.093 0.991 0.914 0.816 0.98 1.097 1.074 1.041 1.053 1.063 0.613
1.346 0.7 1.313 0.925 1.033 1.093 0.991 0.914 0.816 0.98 1.097 1.074 1.041 1.053 1.063 1.018
1.066 0.7 1.313 0.925 1.033 1.093 0.991 0.914 0.816 0.98 1.097 1.074 1.041 1.053 1.063 0.919
0.854 0.7 1.313 0.925 1.033 1.093 0.991 0.914 0.816 0.98 1.097 1.074 1.041 1.053 1.063 0.822
1.039 0.7 1.313 0.925 1.033 1.093 0.991 0.914 0.816 0.98 1.097 1.074 1.041 1.053 1.063 0.842
0.616 0.7 1.313 0.925 1.033 1.093 0.991 0.914 0.816 0.98 1.097 1.074 1.041 1.053 1.063 1.052
0.794 0.7 1.313 0.925 1.033 1.093 0.991 0.914 0.816 0.98 1.097 1.074 1.041 1.053 1.063 1.292
1.064 0.7 1.313 0.925 1.033 1.093 0.991 0.914 0.816 0.98 1.097 1.074 1.041 1.053 1.063 0.896
1.292 0.7 1.313 0.925 1.033 1.093 0.991 0.914 0.816 0.98 1.097 1.074 1.041 1.053 1.063 0.601
0.768 0.7 1.313 0.925 1.033 1.093 0.991 0.914 0.816 0.98 1.097 1.074 1.041 1.053 1.063 1.573
1.196 0.7 1.313 0.925 1.033 1.093 0.991 0.914 0.816 0.98 1.097 1.074 1.041 1.053 1.063 0.873
1.225 0.7 1.313 0.925 1.033 1.093 0.991 0.914 0.816 0.98 1.097 1.074 1.041 1.053 1.063 1.271
1.13 0.7 1.313 0.925 1.033 1.093 0.991 0.914 0.816 0.98 1.097 1.074 1.041 1.053 1.063 1.139
0.757 0.7 1.313 0.925 1.033 1.093 0.991 0.914 0.816 0.98 1.097 1.074 1.041 1.053 1.063 1.091
1.121 0.7 1.313 0.925 1.033 1.093 0.991 0.914 0.816 0.98 1.097 1.074 1.041 1.053 1.063 0.557
1.236 0.7 1.313 0.925 1.033 1.093 0.991 0.914 0.816 0.98 1.097 1.074 1.041 1.053 1.063 0.918
0.911 0.7 1.313 0.925 1.033 1.093 0.991 0.914 0.816 0.98 1.097 1.074 1.041 1.053 1.063 0.818
0.789 0.7 1.313 0.925 1.033 1.093 0.991 0.914 0.816 0.98 1.097 1.074 1.041 1.053 1.063 1.429
0.985 0.7 1.313 0.925 1.033 1.093 0.991 0.914 0.816 0.98 1.097 1.074 1.041 1.053 1.063 0.754
1.077 0.7 1.313 0.925 1.033 1.093 0.991 0.914 0.816 0.98 1.097 1.074 1.041 1.053 1.063 0.889
1.373 0.7 1.313 0.925 1.033 1.093 0.991 0.914 0.816 0.98 1.097 1.074 1.041 1.053 1.063 1.318
1.094 0.7 1.313 0.925 1.033 1.093 0.991 0.914 0.816 0.98 1.097 1.074 1.041 1.053 1.063 0.845
1.044 0.7 1.313 0.925 1.033 1.093 0.991 0.914 0.816 0.98 1.097 1.074 1.041 1.053 1.063 1.032
0.887 0.7 1.313 0.925 1.033 1.093 0.991 0.914 0.816 0.98 1.097 1.074 1.041 1.053 1.063 1.154
0.907 0.7 1.313 0.925 1.033 1.093 0.991 0.914 0.816 0.98 1.097 1.074 1.041 1.053 1.063 0.612
0.603 0.7 1.313 0.925 1.033 1.093 0.991 0.914 0.816 0.98 1.097 1.074 1.041 1.053 1.063 1.058
1.198 0.7 1.313 0.925 1.033 1.093 0.991 0.914 0.816 0.98 1.097 1.074 1.041 1.053 1.063 1.107
0.852 0.7 1.313 0.925 1.033 1.093 0.991 0.914 0.816 0.98 1.097 1.074 1.041 1.053 1.063 1.06
1.078 0.7 1.313 0.925 1.033 1.093 0.991 0.914 0.816 0.98 1.097 1.074 1.041 1.053 1.063 1.252
0.677 0.7 1.313 0.925 1.033 1.093 0.991 0.914 0.816 0.98 1.097 1.074 1.041 1.053 1.063 0.834
0.692 0.7 1.313 0.925 1.033 1.093 0.991 0.914 0.816 0.98 1.097 1.074 1.041 1.053 1.063 1.236
1.065 0.7 1.313 0.925 1.033 1.093 0.991 0.914 0.816 0.98 1.097 1.074 1.041 1.053 1.063 0.964
1.041 0.7 1.313 0.925 1.033 1.093 0.991 0.914 0.816 0.98 1.097 1.074 1.041 1.053 1.063 0.94
1.005 0.7 1.313 0.925 1.033 1.093 0.991 0.914 0.816 0.98 1.097 1.074 1.041 1.053 1.063 1.079
0.724 0.7 1.313 0.925 1.033 1.093 0.991 0.914 0.816 0.98 1.097 1.074 1.041 1.053 1.063 0.91
0.794 0.7 1.313 0.925 1.033 1.093 0.991 0.914 0.816 0.98 1.097 1.074 1.041 1.053 1.063 1.025
0.737 0.7 1.313 0.925 1.033 1.093 0.991 0.914 0.816 0.98 1.097 1.074 1.041 1.053 1.063 1.222
0.871 0.7 1.313 0.925 1.033 1.093 0.991 0.914 0.816 0.98 1.097 1.074 1.041 1.053 1.063 1.025
1.022 0.7 1.313 0.925 1.033 1.093 0.991 0.914 0.816 0.98 1.097 1.074 1.041 1.053 1.063 1.125
0.931 0.7 1.313 0.925 1.033 1.093 0.991 0.914 0.816 0.98 1.097 1.074 1.041 1.053 1.063 1.058
0.789 0.7 1.313 0.925 1.033 1.093 0.991 0.914 0.816 0.98 1.097 1.074 1.041 1.053 1.063 0.799
0.747 0.7 1.313 0.925 1.033 1.093 0.991 0.914 0.816 0.98 1.097 1.074 1.041 1.053 1.063 0.822
1.03 0.7 1.313 0.925 1.033 1.093 0.991 0.914 0.816 0.98 1.097 1.074 1.041 1.053 1.063 1.227
0.914 0.7 1.313 0.925 1.033 1.093 0.991 0.914 0.816 0.98 1.097 1.074 1.041 1.053 1.063 1.363
0.591 0.7 1.313 0.925 1.033 1.093 0.991 0.914 0.816 0.98 1.097 1.074 1.041 1.053 1.063 1.141
0.921 0.7 1.313 0.925 1.033 1.093 0.991 0.914 0.816 0.98 1.097 1.074 1.041 1.053 1.063 0.902
0.965 0.7 1.313 0.925 1.033 1.093 0.991 0.914 0.816 0.98 1.097 1.074 1.041 1.053 1.063 0.593
1.005 0.7 1.313 0.925 1.033 1.093 0.991 0.914 0.816 0.98 1.097 1.074 1.041 1.053 1.063 1.196
0.857 0.7 1.313 0.925 1.033 1.093 0.991 0.914 0.816 0.98 1.097 1.074 1.041 1.053 1.063 1.177
1.008 0.7 1.313 0.925 1.033 1.093 0.991 0.914 0.816 0.98 1.097 1.074 1.041 1.053 1.063 0.78
0.989 0.7 1.313 0.925 1.033 1.093 0.991 0.914 0.816 0.98 1.097 1.074 1.041 1.053 1.063 0.75
1.427 0.7 1.313 0.925 1.033 1.093 0.991 0.914 0.816 0.98 1.097 1.074 1.041 1.053 1.063 1.209
1.039 0.7 1.313 0.925 1.033 1.093 0.991 0.914 0.816 0.98 1.097 1.074 1.041 1.053 1.063 1.156
0.867 0.7 1.313 0.925 1.033 1.093 0.991 0.914 0.816 0.98 1.097 1.074 1.041 1.053 1.063 1.524
1.183 0.7 1.313 0.925 1.033 1.093 0.991 0.914 0.816 0.98 1.097 1.074 1.041 1.053 1.063 1.235
0.711 0.7 1.313 0.925 1.033 1.093 0.991 0.914 0.816 0.98 1.097 1.074 1.041 1.053 1.063 1.252
0.803 0.7 1.313 0.925 1.033 1.093 0.991 0.914 0.816 0.98 1.097 1.074 1.041 1.053 1.063 1.16
1 0.7 1.313 0.925 1.033 1.093 0.991 0.914 0.816 0.98 1.097 1.074 1.041 1.053 1.063 1.017
0.86 0.7 1.313 0.925 1.033 1.093 0.991 0.914 0.816 0.98 1.097 1.074 1.041 1.053 1.063 1.566
0.807 0.7 1.313 0.925 1.033 1.093 0.991 0.914 0.816 0.98 1.097 1.074 1.041 1.053 1.063 0.747
0.451 0.7 1.313 0.925 1.033 1.093 0.991 0.914 0.816 0.98 1.097 1.074 1.041 1.053 1.063 0.497
1.2 0.7 1.313 0.925 1.033 1.093 0.991 0.914 0.816 0.98 1.097 1.074 1.041 1.053 1.063 1.102
0.784 0.7 1.313 0.925 1.033 1.093 0.991 0.914 0.816 0.98 1.097 1.074 1.041 1.053 1.063 0.598
1.054 0.7 1.313 0.925 1.033 1.093 0.991 0.914 0.816 0.98 1.097 1.074 1.041 1.053 1.063 1.251
1.319 0.7 1.313 0.925 1.033 1.093 0.991 0.914 0.816 0.98 1.097 1.074 1.041 1.053 1.063 1.057
0.892 0.7 1.313 0.925 1.033 1.093 0.991 0.914 0.816 0.98 1.097 1.074 1.041 1.053 1.063 0.963
0.821 0.7 1.313 0.925 1.033 1.093 0.991 0.914 0.816 0.98 1.097 1.074 1.041 1.053 1.063 0.793
0.93 0.7 1.313 0.925 1.033 1.093 0.991 0.914 0.816 0.98 1.097 1.074 1.041 1.053 1.063 1.098
1.163 0.7 1.313 0.925 1.033 1.093 0.991 0.914 0.816 0.98 1.097 1.074 1.041 1.053 1.063 1.253
0.75 0.7 1.313 0.925 1.033 1.093 0.991 0.914 0.816 0.98 1.097 1.074 1.041 1.053 1.063 1.201
1.009 0.7 1.313 0.925 1.033 1.093 0.991 0.914 0.816 0.98 1.097 1.074 1.041 1.053 1.063 1.097
0.976 0.7 1.313 0.925 1.033 1.093 0.991 0.914 0.816 0.98 1.097 1.074 1.041 1.053 1.063 1.3
0.853 0.7 1.313 0.925 1.033 1.093 0.991 0.914 0.816 0.98 1.097 1.074 1.041 1.053 1.063 0.95
0.821 0.7 1.313 0.925 1.033 1.093 0.991 0.914 0.816 0.98 1.097 1.074 1.041 1.053 1.063 1.151
0.96 0.7 1.313 0.925 1.033 1.093 0.991 0.914 0.816 0.98 1.097 1.074 1.041 1.053 1.063 1.562
1.074 0.7 1.313 0.925 1.033 1.093 0.991 0.914 0.816 0.98 1.097 1.074 1.041 1.053 1.063 1.382
1.348 0.7 1.313 0.925 1.033 1.093 0.991 0.914 0.816 0.98 1.097 1.074 1.041 1.053 1.063 1.107
0.862 0.7 1.313 0.925 1.033 1.093 0.991 0.914 0.816 0.98 1.097 1.074 1.041 1.053 1.063 1.265
1.366 0.7 1.313 0.925 1.033 1.093 0.991 0.914 0.816 0.98 1.097 1.074 1.041 1.053 1.063 1.303
1.191 0.7 1.313 0.925 1.033 1.093 0.991 0.914 0.816 0.98 1.097 1.074 1.041 1.053 1.063 0.856
0.903 0.7 1.313 0.925 1.033 1.093 0.991 0.914 0.816 0.98 1.097 1.074 1.041 1.053 1.063 0.782
0.827 0.7 1.313 0.925 1.033 1.093 0.991 0.914 0.816 0.98 1.097 1.074 1.041 1.053 1.063 1.05
1.194 0.7 1.313 0.925 1.033 1.093 0.991 0.914 0.816 0.98 1.097 1.074 1.041 1.053 1.063 0.923
1.198 0.7 1.313 0.925 1.033 1.093 0.991 0.914 0.816 0.98 1.097 1.074 1.041 1.053 1.063 1.013
1.051 0.7 1.313 0.925 1.033 1.093 0.991 0.914 0.816 0.98 1.097 1.074 1.041 1.053 1.063 0.597
1.07 0.7 1.313 0.925 1.033 1.093 0.991 0.914 0.816 0.98 1.097 1.074 1.041 1.053 1.063 1.128
0.836 0.7 1.313 0.925 1.033 1.093 0.991 0.914 0.816 0.98 1.097 1.074 1.041 1.053 1.063 0.856
1.313 0.7 1.313 0.925 1.033 1.093 0.991 0.914 0.816 0.98 1.097 1.074 1.041 1.053 1.063 1.461
0.508 0.7 1.313 0.925 1.033 1.093 0.991 0.914 0.816 0.98 1.097 1.074 1.041 1.053 1.063 1.013
0.909 0.7 1.313 0.925 1.033 1.093 0.991 0.914 0.816 0.98 1.097 1.074 1.041 1.053 1.063 1.015
0.788 0.7 1.313 0.925 1.033 1.093 0.991 0.914 0.816 0.98 1.097 1.074 1.041 1.053 1.063 0.762
0.978 0.7 1.313 0.925 1.033 1.093 0.991 0.914 0.816 0.98 1.097 1.074 1.041 1.053 1.063 0.908
0.583 0.7 1.313 0.925 1.033 1.093 0.991 0.914 0.816 0.98 1.097 1.074 1.041 1.053 1.063 1.113
1.375 0.7 1.313 0.925 1.033 1.093 0.991 0.914 0.816 0.98 1.097 1.074 1.041 1.053 1.063 1.045
0.697 0.7 1.313 0.925 1.033 1.093 0.991 0.914 0.816 0.98 1.097 1.074 1.041 1.053 1.063 0.823
0.588 0.7 1.313 0.925 1.033 1.093 0.991 0.914 0.816 0.98 1.097 1.074 1.041 1.053 1.063 0.824
0.932 0.7 1.313 0.925 1.033 1.093 0.991 0.914 0.816 0.98 1.097 1.074 1.041 1.053 1.063 1.225
1.282 0.7 1.313 0.925 1.033 1.093 0.991 0.914 0.816 0.98 1.097 1.074 1.041 1.053 1.063 1.121
1.016 0.7 1.313 0.925 1.033 1.093 0.991 0.914 0.816 0.98 1.097 1.074 1.041 1.053 1.063 0.858
0.824 0.7 1.313 0.925 1.033 1.093 0.991 0.914 0.816 0.98 1.097 1.074 1.041 1.053 1.063 1.021
0.442 0.7 1.313 0.925 1.033 1.093 0.991 0.914 0.816 0.98 1.097 1.074 1.041 1.053 1.063 1.031
1.156 0.7 1.313 0.925 1.033 1.093 0.991 0.914 0.816 0.98 1.097 1.074 1.041 1.053 1.063 0.913
1.19 0.7 1.313 0.925 1.033 1.093 0.991 0.914 0.816 0.98 1.097 1.074 1.041 1.053 1.063 0.936
0.962 0.7 1.313 0.925 1.033 1.093 0.991 0.914 0.816 0.98 1.097 1.074 1.041 1.053 1.063 0.941
1.018 0.7 1.313 0.925 1.033 1.093 0.991 0.914 0.816 0.98 1.097 1.074 1.041 1.053 1.063 1.461
1.097 0.7 1.313 0.925 1.033 1.093 0.991 0.914 0.816 0.98 1.097 1.074 1.041 1.053 1.063 0.861
0.644 0.7 1.313 0.925 1.033 1.093 0.991 0.914 0.816 0.98 1.097 1.074 1.041 1.053 1.063 1.459
0.989 0.7 1.313 0.925 1.033 1.093 0.991 0.914 0.816 0.98 1.097 1.074 1.041 1.053 1.063 0.979
0.813 0.7 1.313 0.925 1.033 1.093 0.991 0.914 0.816 0.98 1.097 1.074 1.041 1.053 1.063 0.956
0.918 0.7 1.313 0.925 1.033 1.093 0.991 0.914 0.816 0.98 1.097 1.074 1.041 1.053 1.063 0.883
1.13 0.7 1.313 0.925 1.033 1.093 0.991 0.914 0.816 0.98 1.097 1.074 1.041 1.053 1.063 1.369
1.083 0.7 1.313 0.925 1.033 1.093 0.991 0.914 0.816 0.98 1.097 1.074 1.041 1.053 1.063 1.287
1.146 0.7 1.313 0.925 1.033 1.093 0.991 0.914 0.816 0.98 1.097 1.074 1.041 1.053 1.063 0.874
0.714 0.7 1.313 0.925 1.033 1.093 0.991 0.914 0.816 0.98 1.097 1.074 1.041 1.053 1.063 1.054
1.065 0.7 1.313 0.925 1.033 1.093 0.991 0.914 0.816 0.98 1.097 1.074 1.041 1.053 1.063 1.089
0.997 0.7 1.313 0.925 1.033 1.093 0.991 0.914 0.816 0.98 1.097 1.074 1.041 1.053 1.063 1.023
1.248 0.7 1.313 0.925 1.033 1.093 0.991 0.914 0.816 0.98 1.097 1.074 1.041 1.053 1.063 0.815
0.685 0.7 1.313 0.925 1.033 1.093 0.991 0.914 0.816 0.98 1.097 1.074 1.041 1.053 1.063 1.007
0.941 0.7 1.313 0.925 1.033 1.093 0.991 0.914 0.816 0.98 1.097 1.074 1.041 1.053 1.063 1.316
1.116 0.7 1.313 0.925 1.033 1.093 0.991 0.914 0.816 0.98 1.097 1.074 1.041 1.053 1.063 1.265
0.8 0.7 1.313 0.925 1.033 1.093 0.991 0.914 0.816 0.98 1.097 1.074 1.041 1.053 1.063 1.19
0.724 0.7 1.313 0.925 1.033 1.093 0.991 0.914 0.816 0.98 1.097 1.074 1.041 1.053 1.063 0.847
1.366 0.7 1.313 0.925 1.033 1.093 0.991 0.914 0.816 0.98 1.097 1.074 1.041 1.053 1.063 1.222
0.619 0.7 1.313 0.925 1.033 1.093 0.991 0.914 0.816 0.98 1.097 1.074 1.041 1.053 1.063 1.421
1.084 0.7 1.313 0.925 1.033 1.093 0.991 0.914 0.816 0.98 1.097 1.074 1.041 1.053 1.063 1.113
1.232 0.7 1.313 0.925 1.033 1.093 0.991 0.914 0.816 0.98 1.097 1.074 1.041 1.053 1.063 1.101
1.025 0.7 1.313 0.925 1.033 1.093 0.991 0.914 0.816 0.98 1.097 1.074 1.041 1.053 1.063 0.811
1.066 0.7 1.313 0.925 1.033 1.093 0.991 0.914 0.816 0.98 1.097 1.074 1.041 1.053 1.063 0.802
0.829 0.7 1.313 0.925 1.033 1.093 0.991 0.914 0.816 0.98 1.097 1.074 1.041 1.053 1.063 0.989
1.069 0.7 1.313 0.925 1.033 1.093 0.991 0.914 0.816 0.98 1.097 1.074 1.041 1.053 1.063 1.146
0.922 0.7 1.313 0.925 1.033 1.093 0.991 0.914 0.816 0.98 1.097 1.074 1.041 1.053 1.063 1.234
1.018 0.7 1.313 0.925 1.033 1.093 0.991 0.914 0.816 0.98 1.097 1.074 1.041 1.053 1.063 0.922
1.053 0.7 1.313 0.925 1.033 1.093 0.991 0.914 0.816 0.98 1.097 1.074 1.041 1.053 1.063 1.306
0.813 0.7 1.313 0.925 1.033 1.093 0.991 0.914 0.816 0.98 1.097 1.074 1.041 1.053 1.063 1.162
0.827 0.7 1.313 0.925 1.033 1.093 0.991 0.914 0.816 0.98 1.097 1.074 1.041 1.053 1.063 0.887
1.07 0.7 1.313 0.925 1.033 1.093 0.991 0.914 0.816 0.98 1.097 1.074 1.041 1.053 1.063 1.065
1.026 0.7 1.313 0.925 1.033 1.093 0.991 0.914 0.816 0.98 1.097 1.074 1.041 1.053 1.063 0.974
1.338 0.7 1.313 0.925 1.033 1.093 0.991 0.914 0.816 0.98 1.097 1.074 1.041 1.053 1.063 1.16
0.752 0.7 1.313 0.925 1.033 1.093 0.991 0.914 0.816 0.98 1.097 1.074 1.041 1.053 1.063 1.081
1.107 0.7 1.313 0.925 1.033 1.093 0.991 0.914 0.816 0.98 1.097 1.074 1.041 1.053 1.063 0.96
1.005 0.7 1.313 0.925 1.033 1.093 0.991 0.914 0.816 0.98 1.097 1.074 1.041 1.053 1.063 1.171
0.884 0.7 1.313 0.925 1.033 1.093 0.991 0.914 0.816 0.98 1.097 1.074 1.041 1.053 1.063 0.903
0.952 0.7 1.313 0.925 1.033 1.093 0.991 0.914 0.816 0.98 1.097 1.074 1.041 1.053 1.063 1.274
0.769 0.7 1.313 0.925 1.033 1.093 0.991 0.914 0.816 0.98 1.097 1.074 1.041 1.053 1.063 1.109
0.745 0.7 1.313 0.925 1.033 1.093 0.991 0.914 0.816 0.98 1.097 1.074 1.041 1.053 1.063 0.919
0.759 0.7 1.313 0.925 1.033 1.093 0.991 0.914 0.816 0.98 1.097 1.074 1.041 1.053 1.063 0.818
1.164 0.7 1.313 0.925 1.033 1.093 0.991 0.914 0.816 0.98 1.097 1.074 1.041 1.053 1.063 1.5
0.677 0.7 1.313 0.925 1.033 1.093 0.991 0.914 0.816 0.98 1.097 1.074 1.041 1.053 1.063 1.055
1.54 0.7 1.313 0.925 1.033 1.093 0.991 0.914 0.816 0.98 1.097 1.074 1.041 1.053 1.063 1.269
0.775 0.7 1.313 0.925 1.033 1.093 0.991 0.914 0.816 0.98 1.097 1.074 1.041 1.053 1.063 0.969
1.377 0.7 1.313 0.925 1.033 1.093 0.991 0.914 0.816 0.98 1.097 1.074 1.041 1.053 1.063 1.112
0.836 0.7 1.313 0.925 1.033 1.093 0.991 0.914 0.816 0.98 1.097 1.074 1.041 1.053 1.063 1.338
0.603 0.7 1.313 0.925 1.033 1.093 0.991 0.914 0.816 0.98 1.097 1.074 1.041 1.053 1.063 0.84
0.714 0.7 1.313 0.925 1.033 1.093 0.991 0.914 0.816 0.98 1.097 1.074 1.041 1.053 1.063 0.733
1.33 0.7 1.313 0.925 1.033 1.093 0.991 0.914 0.816 0.98 1.097 1.074 1.041 1.053 1.063 1.188
0.724 0.7 1.313 0.925 1.033 1.093 0.991 0.914 0.816 0.98 1.097 1.074 1.041 1.053 1.063 1.497
1.214 0.7 1.313 0.925 1.033 1.093 0.991 0.914 0.816 0.98 1.097 1.074 1.041 1.053 1.063 1.068
1.023 0.7 1.313 0.925 1.033 1.093 0.991 0.914 0.816 0.98 1.097 1.074 1.041 1.053 1.063 0.978
0.987 0.7 1.313 0.925 1.033 1.093 0.991 0.914 0.816 0.98 1.097 1.074 1.041 1.053 1.063 1.211
0.93 0.7 1.313 0.925 1.033 1.093 0.991 0.914 0.816 0.98 1.097 1.074 1.041 1.053 1.063 0.768
0.8 0.7 1.313 0.925 1.033 1.093 0.991 0.914 0.816 0.98 1.097 1.074 1.041 1.053 1.063 1.263
0.867 0.7 1.313 0.925 1.033 1.093 0.991 0.914 0.816 0.98 1.097 1.074 1.041 1.053 1.063 0.77
0.86 0.7 1.313 0.925 1.033 1.093 0.991 0.914 0.816 0.98 1.097 1.074 1.041 1.053 1.063 1.244
1.098 0.7 1.313 0.925 1.033 1.093 0.991 0.914 0.816 0.98 1.097 1.074 1.041 1.053 1.063 1.227
1.11 0.7 1.313 0.925 1.033 1.093 0.991 0.914 0.816 0.98 1.097 1.074 1.041 1.053 1.063 1.205
1.123 0.7 1.313 0.925 1.033 1.093 0.991 0.914 0.816 0.98 1.097 1.074 1.041 1.053 1.063 0.951
0.883 0.7 1.313 0.925 1.033 1.093 0.991 0.914 0.816 0.98 1.097 1.074 1.041 1.053 1.063 1.213
1.304 0.7 1.313 0.925 1.033 1.093 0.991 0.914 0.816 0.98 1.097 1.074 1.041 1.053 1.063 0.544
0.648 0.7 1.313 0.925 1.033 1.093 0.991 0.914 0.816 0.98 1.097 1.074 1.041 1.053 1.063 0.946
0.924 0.7 1.313 0.925 1.033 1.093 0.991 0.914 0.816 0.98 1.097 1.074 1.041 1.053 1.063 0.987
1.252 0.7 1.313 0.925 1.033 1.093 0.991 0.914 0.816 0.98 1.097 1.074 1.041 1.053 1.063 0.697
0.808 0.7 1.313 0.925 1.033 1.093 0.991 0.914 0.816 0.98 1.097 1.074 1.041 1.053 1.063 0.674
0.505 0.7 1.313 0.925 1.033 1.093 0.991 0.914 0.816 0.98 1.097 1.074 1.041 1.053 1.063 1.052
1.042 0.7 1.313 0.925 1.033 1.093 0.991 0.914 0.816 0.98 1.097 1.074 1.041 1.053 1.063 0.923
0.989 0.7 1.313 0.925 1.033 1.093 0.991 0.914 0.816 0.98 1.097 1.074 1.041 1.053 1.063 1.069
1.221 0.7 1.313 0.925 1.033 1.093 0.991 0.914 0.816 0.98 1.097 1.074 1.041 1.053 1.063 1.07
1.013 0.7 1.313 0.925 1.033 1.093 0.991 0.914 0.816 0.98 1.097 1.074 1.041 1.053 1.063 0.975
0.853 0.7 1.313 0.925 1.033 1.093 0.991 0.914 0.816 0.98 1.097 1.074 1.041 1.053 1.063 1.062
1.163 0.7 1.313 0.925 1.033 1.093 0.991 0.914 0.816 0.98 1.097 1.074 1.041 1.053 1.063 0.726
1.349 0.7 1.313 0.925 1.033 1.093 0.991 0.914 0.816 0.98 1.097 1.074 1.041 1.053 1.063 1.365
1.277 0.7 1.313 0.925 1.033 1.093 0.991 0.914 0.816 0.98 1.097 1.074 1.041 1.053 1.063 1.138
0.766 0.7 1.313 0.925 1.033 1.093 0.991 0.914 0.816 0.98 1.097 1.074 1.041 1.053 1.063 1.347
0.935 0.7 1.313 0.925 1.033 1.093 0.991 0.914 0.816 0.98 1.097 1.074 1.041 1.053 1.063 1.223
1.035 0.7 1.313 0.925 1.033 1.093 0.991 0.914 0.816 0.98 1.097 1.074 1.041 1.053 1.063 0.726
0.592 0.7 1.313 0.925 1.033 1.093 0.991 0.914 0.816 0.98 1.097 1.074 1.041 1.053 1.063 1.227
0.661 0.7 1.313 0.925 1.033 1.093 0.991 0.914 0.816 0.98 1.097 1.074 1.041 1.053 1.063 1.273
0.907 0.7 1.313 0.925 1.033 1.093 0.991 0.914 0.816 0.98 1.097 1.074 1.041 1.053 1.063 1.012
0.854 0.7 1.313 0.925 1.033 1.093 0.991 0.914 0.816 0.98 1.097 1.074 1.041 1.053 1.063 0.924
1.093 0.7 1.313 0.925 1.033 1.093 0.991 0.914 0.816 0.98 1.097 1.074 1.041 1.053 1.063 1.156
0.639 0.7 1.313 0.925 1.033 1.093 0.991 0.914 0.816 0.98 1.097 1.074 1.041 1.053 1.063 1.324
0.836 0.7 1.313 0.925 1.033 1.093 0.991 0.914 0.816 0.98 1.097 1.074 1.041 1.053 1.063 1.321
0.732 0.7 1.313 0.925 1.033 1.093 0.991 0.914 0.816 0.98 1.097 1.074 1.041 1.053 1.063 0.676
1.228 0.7 1.313 0.925 1.033 1.093 0.991 0.914 0.816 0.98 1.097 1.074 1.041 1.053 1.063 1.184
1.259 0.7 1.313 0.925 1.033 1.093 0.991 0.914 0.816 0.98 1.097 1.074 1.041 1.053 1.063 0.88
0.776 0.7 1.313 0.925 1.033 1.093 0.991 0.914 0.816 0.98 1.097 1.074 1.041 1.053 1.063 0.971
1.315 0.7 1.313 0.925 1.033 1.093 0.991 0.914 0.816 0.98 1.097 1.074 1.041 1.053 1.063 0.715
0.616 0.7 1.313 0.925 1.033 1.093 0.991 0.914 0.816 0.98 1.097 1.074 1.041 1.053 1.063 1.206
1.319 0.7 1.313 0.925 1.033 1.093 0.991 0.914 0.816 0.98 1.097 1.074 1.041 1.053 1.063 1.037
0.766 0.7 1.313 0.925 1.033 1.093 0.991 0.914 0.816 0.98 1.097 1.074 1.041 1.053 1.063 0.732
0.898 0.7 1.313 0.925 1.033 1.093 0.991 0.914 0.816 0.98 1.097 1.074 1.041 1.053 1.063 0.949
1.079 0.7 1.313 0.925 1.033 1.093 0.991 0.914 0.816 0.98 1.097 1.074 1.041 1.053 1.063 0.878
0.728 0.7 1.313 0.925 1.033 1.093 0.991 0.914 0.816 0.98 1.097 1.074 1.041 1.053 1.063 0.807
0.61 0.7 1.313 0.925 1.033 1.093 0.991 0.914 0.816 0.98 1.097 1.074 1.041 1.053 1.063 0.848
0.822 0.7 1.313 0.925 1.033 1.093 0.991 0.914 0.816 0.98 1.097 1.074 1.041 1.053 1.063 1.357
1.317 0.7 1.313 0.925 1.033 1.093 0.991 0.914 0.816 0.98 1.097 1.074 1.041 1.053 1.063 1.063
0.523 0.7 1.313 0.925 1.033 1.093 0.991 0.914 0.816 0.98 1.097 1.074 1.041 1.053 1.063 0.553
0.894 0.7 1.313 0.925 1.033 1.093 0.991 0.914 0.816 0.98 1.097 1.074 1.041 1.053 1.063 1.626
0.591 0.7 1.313 0.925 1.033 1.093 0.991 0.914 0.816 0.98 1.097 1.074 1.041 1.053 1.063 1.19
1.034 0.7 1.313 0.925 1.033 1.093 0.991 0.914 0.816 0.98 1.097 1.074 1.041 1.053 1.063 1.334
1.322 0.7 1.313 0.925 1.033 1.093 0.991 0.914 0.816 0.98 1.097 1.074 1.041 1.053 1.063 1.024
0.949 0.7 1.313 0.925 1.033 1.093 0.991 0.914 0.816 0.98 1.097 1.074 1.041 1.053 1.063 1.084
1.251 0.7 1.313 0.925 1.033 1.093 0.991 0.914 0.816 0.98 1.097 1.074 1.041 1.053 1.063 0.901
0.775 0.7 1.313 0.925 1.033 1.093 0.991 0.914 0.816 0.98 1.097 1.074 1.041 1.053 1.063 1.174
1.121 0.7 1.313 0.925 1.033 1.093 0.991 0.914 0.816 0.98 1.097 1.074 1.041 1.053 1.063 1.611
1.461 0.7 1.313 0.925 1.033 1.093 0.991 0.914 0.816 0.98 1.097 1.074 1.041 1.053 1.063 1.516
0.973 0.7 1.313 0.925 1.033 1.093 0.991 0.914 0.816 0.98 1.097 1.074 1.041 1.053 1.063 1.539
1.218 0.7 1.313 0.925 1.033 1.093 0.991 0.914 0.816 0.98 1.097 1.074 1.041 1.053 1.063 0.981
1.122 0.7 1.313 0.925 1.033 1.093 0.991 0.914 0.816 0.98 1.097 1.074 1.041 1.053 1.063 1.112
0.946 0.7 1.313 0.925 1.033 1.093 0.991 0.914 0.816 0.98 1.097 1.074 1.041 1.053 1.063 1.26
0.973 0.7 1.313 0.925 1.033 1.093 0.991 0.914 0.816 0.98 1.097 1.074 1.041 1.053 1.063 0.859
0.975 0.7 1.313 0.925 1.033 1.093 0.991 0.914 0.816 0.98 1.097 1.074 1.041 1.053 1.063 1.36
0.679 0.7 1.313 0.925 1.033 1.093 0.991 0.914 0.816 0.98 1.097 1.074 1.041 1.053 1.063 1.202
0.831 0.7 1.313 0.925 1.033 1.093 0.991 0.914 0.816 0.98 1.097 1.074 1.041 1.053 1.063 1.018
1.022 0.7 1.313 0.925 1.033 1.093 0.991 0.914 0.816 0.98 1.097 1.074 1.041 1.053 1.063 0.995
0.996 0.7 1.313 0.925 1.033 1.093 0.991 0.914 0.816 0.98 1.097 1.074 1.041 1.053 1.063 0.798
0.632 0.7 1.313 0.925 1.033 1.093 0.991 0.914 0.816 0.98 1.097 1.074 1.041 1.053 1.063 1.114
0.755 0.7 1.313 0.925 1.033 1.093 0.991 0.914 0.816 0.98 1.097 1.074 1.041 1.053 1.063 1.083
1.326 0.7 1.313 0.925 1.033 1.093 0.991 0.914 0.816 0.98 1.097 1.074 1.041 1.053 1.063 0.971
1.063 0.7 1.313 0.925 1.033 1.093 0.991 0.914 0.816 0.98 1.097 1.074 1.041 1.053 1.063 1.468
0.949 0.7 1.313 0.925 1.033 1.093 0.991 0.914 0.816 0.98 1.097 1.074 1.041 1.053 1.063 0.89
0.809 0.7 1.313 0.925 1.033 1.093 0.991 0.914 0.816 0.98 1.097 1.074 1.041 1.053 1.063 0.887
1.289 0.7 1.313 0.925 1.033 1.093 0.991 0.914 0.816 0.98 1.097 1.074 1.041 1.053 1.063 0.85
0.915 0.7 1.313 0.925 1.033 1.093 0.991 0.914 0.816 0.98 1.097 1.074 1.041 1.053 1.063 1.015
0.836 0.7 1.313 0.925 1.033 1.093 0.991 0.914 0.816 0.98 1.097 1.074 1.041 1.053 1.063 1.133
0.764 0.7 1.313 0.925 1.033 1.093 0.991 0.914 0.816 0.98 1.097 1.074 1.041 1.053 1.063 0.763
1.264 0.7 1.313 0.925 1.033 1.093 0.991 0.914 0.816 0.98 1.097 1.074 1.041 1.053 1.063 1.106
0.964 0.7 1.313 0.925 1.033 1.093 0.991 0.914 0.816 0.98 1.097 1.074 1.041 1.053 1.063 0.772
0.937 0.7 1.313 0.925 1.033 1.093 0.991 0.914 0.816 0.98 1.097 1.074 1.041 1.053 1.063 0.737
1.094 0.7 1.313 0.925 1.033 1.093 0.991 0.914 0.816 0.98 1.097 1.074 1.041 1.053 1.063 1.41
0.753 0.7 1.313 0.925 1.033 1.093 0.991 0.914 0.816 0.98 1.097 1.074 1.041 1.053 1.063 1.196
0.954 0.7 1.313 0.925 1.033 1.093 0.991 0.914 0.816 0.98 1.097 1.074 1.041 1.053 1.063 1.124
1.263 0.7 1.313 0.925 1.033 1.093 0.991 0.914 0.816 0.98 1.097 1.074 1.041 1.053 1.063 1
0.784 0.7 1.313 0.925 1.033 1.093 0.991 0.914 0.816 0.98 1.097 1.074 1.041 1.053 1.063 1.038
1.078 0.7 1.313 0.925 1.033 1.093 0.991 0.914 0.816 0.98 1.097 1.074 1.041 1.053 1.063 1.302
0.647 0.7 1.313 0.925 1.033 1.093 0.991 0.914 0.816 0.98 1.097 1.074 1.041 1.053 1.063 1.084
0.986 0.7 1.313 0.925 1.033 1.093 0.991 0.914 0.816 0.98 1.097 1.074 1.041 1.053 1.063 0.872
1.341 0.7 1.313 0.925 1.033 1.093 0.991 0.914 0.816 0.98 1.097 1.074 1.041 1.053 1.063 0.816
0.982 0.7 1.313 0.925 1.033 1.093 0.991 0.914 0.816 0.98 1.097 1.074 1.041 1.053 1.063 0.834
0.744 0.7 1.313 0.925 1.033 1.093 0.991 0.914 0.816 0.98 1.097 1.074 1.041 1.053 1.063 0.919
0.694 0.7 1.313 0.925 1.033 1.093 0.991 0.914 0.816 0.98 1.097 1.074 1.041 1.053 1.063 1.327
1.097 0.7 1.313 0.925 1.033 1.093 0.991 0.914 0.816 0.98 1.097 1.074 1.041 1.053 1.063 1.564
0.839 0.7 1.313 0.925 1.033 1.093 0.991 0.914 0.816 0.98 1.097 1.074 1.041 1.053 1.063 1.231
1.309 0.7 1.313 0.925 1.033 1.093 0.991 0.914 0.816 0.98 1.097 1.074 1.041 1.053 1.063 0.984
0.769 0.7 1.313 0.925 1.033 1.093 0.991 0.914 0.816 0.98 1.097 1.074 1.041 1.053 1.063 1.007
0.92 0.7 1.313 0.925 1.033 1.093 0.991 0.914 0.816 0.98 1.097 1.074 1.041 1.053 1.063 0.999
0.906 0.7 1.313 0.925 1.033 1.093 0.991 0.914 0.816 0.98 1.097 1.074 1.041 1.053 1.063 1.56
0.858 0.7 1.313 0.925 1.033 1.093 0.991 0.914 0.816 0.98 1.097 1.074 1.041 1.053 1.063 1.083
1.15 0.7 1.313 0.925 1.033 1.093 0.991 0.914 0.816 0.98 1.097 1.074 1.041 1.053 1.063 0.863
1.22 0.7 1.313 0.925 1.033 1.093 0.991 0.914 0.816 0.98 1.097 1.074 1.041 1.053 1.063 1.353
1.24 0.7 1.313 0.925 1.033 1.093 0.991 0.914 0.816 0.98 1.097 1.074 1.041 1.053 1.063 0.974
1.136 0.7 1.313 0.925 1.033 1.093 0.991 0.914 0.816 0.98 1.097 1.074 1.041 1.053 1.063 0.901
1.303 0.7 1.313 0.925 1.033 1.093 0.991 0.914 0.816 0.98 1.097 1.074 1.041 1.053 1.063 1.256
0.678 0.7 1.313 0.925 1.033 1.093 0.991 0.914 0.816 0.98 1.097 1.074 1.041 1.053 1.063 1.619
1.142 0.7 1.313 0.925 1.033 1.093 0.991 0.914 0.816 0.98 1.097 1.074 1.041 1.053 1.063 0.809
1.076 0.7 1.313 0.925 1.033 1.093 0.991 0.914 0.816 0.98 1.097 1.074 1.041 1.053 1.063 1.124
0.9 0.7 1.313 0.925 1.033 1.093 0.991 0.914 0.816 0.98 1.097 1.074 1.041 1.053 1.063 0.884
0.578 0.7 1.313 0.925 1.033 1.093 0.991 0.914 0.816 0.98 1.097 1.074 1.041 1.053 1.063 1.137
0.816 0.7 1.313 0.925 1.033 1.093 0.991 0.914 0.816 0.98 1.097 1.074 1.041 1.053 1.063 1.274
1.251 0.7 1.313 0.925 1.033 1.093 0.991 0.914 0.816 0.98 1.097 1.074 1.041 1.053 1.063 1.339
0.74 0.7 1.313 0.925 1.033 1.093 0.991 0.914 0.816 0.98 1.097 1.074 1.041 1.053 1.063 0.919
0.443 0.7 1.313 0.925 1.033 1.093 0.991 0.914 0.816 0.98 1.097 1.074 1.041 1.053 1.063 0.861
1.301 0.7 1.313 0.925 1.033 1.093 0.991 0.914 0.816 0.98 1.097 1.074 1.041 1.053 1.063 0.761
0.591 0.7 1.313 0.925 1.033 1.093 0.991 0.914 0.816 0.98 1.097 1.074 1.041 1.053 1.063 1.261
0.952 0.7 1.313 0.925 1.033 1.093 0.991 0.914 0.816 0.98 1.097 1.074 1.041 1.053 1.063 0.693
0.873 0.7 1.313 0.925 1.033 1.093 0.991 0.914 0.816 0.98 1.097 1.074 1.041 1.053 1.063 1.323
0.853 0.7 1.313 0.925 1.033 1.093 0.991 0.914 0.816 0.98 1.097 1.074 1.041 1.053 1.063 0.807
1.047 0.7 1.313 0.925 1.033 1.093 0.991 0.914 0.816 0.98 1.097 1.074 1.041 1.053 1.063 0.836
0.74 0.7 1.313 0.925 1.033 1.093 0.991 0.914 0.816 0.98 1.097 1.074 1.041 1.053 1.063 0.868
1.032 0.7 1.313 0.925 1.033 1.093 0.991 0.914 0.816 0.98 1.097 1.074 1.041 1.053 1.063 0.927
0.409 0.7 1.313 0.925 1.033 1.093 0.991 0.914 0.816 0.98 1.097 1.074 1.041 1.053 1.063 1.322
1.161 0.7 1.313 0.925 1.033 1.093 0.991 0.914 0.816 0.98 1.097 1.074 1.041 1.053 1.063 0.696
1.292 0.7 1.313 0.925 1.033 1.093 0.991 0.914 0.816 0.98 1.097 1.074 1.041 1.053 1.063 1.069
0.932 0.7 1.313 0.925 1.033 1.093 0.991 0.914 0.816 0.98 1.097 1.074 1.041 1.053 1.063 1.052
0.506 0.7 1.313 0.925 1.033 1.093 0.991 0.914 0.816 0.98 1.097 1.074 1.041 1.053 1.063 0.744
0.805 0.7 1.313 0.925 1.033 1.093 0.991 0.914 0.816 0.98 1.097 1.074 1.041 1.053 1.063 0.842
1.026 0.7 1.313 0.925 1.033 1.093 0.991 0.914 0.816 0.98 1.097 1.074 1.041 1.053 1.063 0.878
1.1 0.7 1.313 0.925 1.033 1.093 0.991 0.914 0.816 0.98 1.097 1.074 1.041 1.053 1.063 1.463
0.844 0.7 1.313 0.925 1.033 1.093 0.991 0.914 0.816 0.98 1.097 1.074 1.041 1.053 1.063 0.92
1.083 0.7 1.313 0.925 1.033 1.093 0.991 0.914 0.816 0.98 1.097 1.074 1.041 1.053 1.063 1.041
1.269 0.7 1.313 0.925 1.033 1.093 0.991 0.914 0.816 0.98 1.097 1.074 1.041 1.053 1.063 0.806
1 0.7 1.313 0.925 1.033 1.093 0.991 0.914 0.816 0.98 1.097 1.074 1.041 1.053 1.063 0.992
1.192 0.7 1.313 0.925 1.033 1.093 0.991 0.914 0.816 0.98 1.097 1.074 1.041 1.053 1.063 0.851
1.021 0.7 1.313 0.925 1.033 1.093 0.991 0.914 0.816 0.98 1.097 1.074 1.041 1.053 1.063 0.878
0.925 0.7 1.313 0.925 1.033 1.093 0.991 0.914 0.816 0.98 1.097 1.074 1.041 1.053 1.063 0.56
0.71 0.7 1.313 0.925 1.033 1.093 0.991 0.914 0.816 0.98 1.097 1.074 1.041 1.053 1.063 1.109
0.742 0.7 1.313 0.925 1.033 1.093 0.991 0.914 0.816 0.98 1.097 1.074 1.041 1.053 1.063 1.297
0.951 0.7 1.313 0.925 1.033 1.093 0.991 0.914 0.816 0.98 1.097 1.074 1.041 1.053 1.063 1.187
1.21 0.7 1.313 0.925 1.033 1.093 0.991 0.914 0.816 0.98 1.097 1.074 1.041 1.053 1.063 1.052
0.836 0.7 1.313 0.925 1.033 1.093 0.991 0.914 0.816 0.98 1.097 1.074 1.041 1.053 1.063 1
0.958 0.7 1.313 0.925 1.033 1.093 0.991 0.914 0.816 0.98 1.097 1.074 1.041 1.053 1.063 0.702
0.874 0.7 1.313 0.925 1.033 1.093 0.991 0.914 0.816 0.98 1.097 1.074 1.041 1.053 1.063 0.901
1.555 0.7 1.313 0.925 1.033 1.093 0.991 0.914 0.816 0.98 1.097 1.074 1.041 1.053 1.063 1.281
0.712 0.7 1.313 0.925 1.033 1.093 0.991 0.914 0.816 0.98 1.097 1.074 1.041 1.053 1.063 1.414
0.907 0.7 1.313 0.925 1.033 1.093 0.991 0.914 0.816 0.98 1.097 1.074 1.041 1.053 1.063 1.101
1.125 0.7 1.313 0.925 1.033 1.093 0.991 0.914 0.816 0.98 1.097 1.074 1.041 1.053 1.063 1.124
0.774 0.7 1.313 0.925 1.033 1.093 0.991 0.914 0.816 0.98 1.097 1.074 1.041 1.053 1.063 1.166
0.944 0.7 1.313 0.925 1.033 1.093 0.991 0.914 0.816 0.98 1.097 1.074 1.041 1.053 1.063 0.887
1.035 0.7 1.313 0.925 1.033 1.093 0.991 0.914 0.816 0.98 1.097 1.074 1.041 1.053 1.063 0.726
0.612 0.7 1.313 0.925 1.033 1.093 0.991 0.914 0.816 0.98 1.097 1.074 1.041 1.053 1.063 1.168
1.256 0.7 1.313 0.925 1.033 1.093 0.991 0.914 0.816 0.98 1.097 1.074 1.041 1.053 1.063 0.783
1.057 0.7 1.313 0.925 1.033 1.093 0.991 0.914 0.816 0.98 1.097 1.074 1.041 1.053 1.063 0.879
0.656 0.7 1.313 0.925 1.033 1.093 0.991 0.914 0.816 0.98 1.097 1.074 1.041 1.053 1.063 1.434
0.664 0.7 1.313 0.925 1.033 1.093 0.991 0.914 0.816 0.98 1.097 1.074 1.041 1.053 1.063 1.169
0.873 0.7 1.313 0.925 1.033 1.093 0.991 0.914 0.816 0.98 1.097 1.074 1.041 1.053 1.063 1.171
1.167 0.7 1.313 0.925 1.033 1.093 0.991 0.914 0.816 0.98 1.097 1.074 1.041 1.053 1.063 1.423
1.169 0.7 1.313 0.925 1.033 1.093 0.991 0.914 0.816 0.98 1.097 1.074 1.041 1.053 1.063 1.108
0.728 0.7 1.313 0.925 1.033 1.093 0.991 0.914 0.816 0.98 1.097 1.074 1.041 1.053 1.063 0.934
1.246 0.7 1.313 0.925 1.033 1.093 0.991 0.914 0.816 0.98 1.097 1.074 1.041 1.053 1.063 1.255
0.715 0.7 1.313 0.925 1.033 1.093 0.991 0.914 0.816 0.98 1.097 1.074 1.041 1.053 1.063 1.271
0.834 0.7 1.313 0.925 1.033 1.093 0.991 0.914 0.816 0.98 1.097 1.074 1.041 1.053 1.063 1.28
1.307 0.7 1.313 0.925 1.033 1.093 0.991 0.914 0.816 0.98 1.097 1.074 1.041 1.053 1.063 0.691
1.107 0.7 1.313 0.925 1.033 1.093 0.991 0.914 0.816 0.98 1.097 1.074 1.041 1.053 1.063 0.882
0.753 0.7 1.313 0.925 1.033 1.093 0.991 0.914 0.816 0.98 1.097 1.074 1.041 1.053 1.063 1.117
0.829 0.7 1.313 0.925 1.033 1.093 0.991 0.914 0.816 0.98 1.097 1.074 1.041 1.053 1.063 1.005
0.918 0.7 1.313 0.925 1.033 1.093 0.991 0.914 0.816 0.98 1.097 1.074 1.041 1.053 1.063 0.753
0.887 0.7 1.313 0.925 1.033 1.093 0.991 0.914 0.816 0.98 1.097 1.074 1.041 1.053 1.063 1.216
0.79 0.7 1.313 0.925 1.033 1.093 0.991 0.914 0.816 0.98 1.097 1.074 1.041 1.053 1.063 0.837
0.997 0.7 1.313 0.925 1.033 1.093 0.991 0.914 0.816 0.98 1.097 1.074 1.041 1.053 1.063 0.918
1.318 0.7 1.313 0.925 1.033 1.093 0.991 0.914 0.816 0.98 1.097 1.074 1.041 1.053 1.063 0.863
0.917 0.7 1.313 0.925 1.033 1.093 0.991 0.914 0.816 0.98 1.097 1.074 1.041 1.053 1.063 0.962
1.079 0.7 1.313 0.925 1.033 1.093 0.991 0.914 0.816 0.98 1.097 1.074 1.041 1.053 1.063 1.107
0.911 0.7 1.313 0.925 1.033 1.093 0.991 0.914 0.816 0.98 1.097 1.074 1.041 1.053 1.063 0.988
0.723 0.7 1.313 0.925 1.033 1.093 0.991 0.914 0.816 0.98 1.097 1.074 1.041 1.053 1.063 1.009
0.983 0.7 1.313 0.925 1.033 1.093 0.991 0.914 0.816 0.98 1.097 1.074 1.041 1.053 1.063 0.69
0.949 0.7 1.313 0.925 1.033 1.093 0.991 0.914 0.816 0.98 1.097 1.074 1.041 1.053 1.063 1.204
1.001 0.7 1.313 0.925 1.033 1.093 0.991 0.914 0.816 0.98 1.097 1.074 1.041 1.053 1.063 1.542
0.535 0.7 1.313 0.925 1.033 1.093 0.991 0.914 0.816 0.98 1.097 1.074 1.041 1.053 1.063 0.78
0.889 0.7 1.313 0.925 1.033 1.093 0.991 0.914 0.816 0.98 1.097 1.074 1.041 1.053 1.063 1.22
1.075 0.7 1.313 0.925 1.033 1.093 0.991 0.914 0.816 0.98 1.097 1.074 1.041 1.053 1.063 1.043
0.546 0.7 1.313 0.925 1.033 1.093 0.991 0.914 0.816 0.98 1.097 1.074 1.041 1.053 1.063 0.619
0.983 0.7 1.313 0.925 1.033 1.093 0.991 0.914 0.816 0.98 1.097 1.074 1.041 1.053 1.063 0.813
1.122 0.7 1.313 0.925 1.033 1.093 0.991 0.914 0.816 0.98 1.097 1.074 1.041 1.053 1.063 0.959
0.622 0.7 1.313 0.925 1.033 1.093 0.991 0.914 0.816 0.98 1.097 1.074 1.041 1.053 1.063 1.064
0.383 0.7 1.313 0.925 1.033 1.093 0.991 0.914 0.816 0.98 1.097 1.074 1.041 1.053 1.063 0.717
0.815 0.7 1.313 0.925 1.033 1.093 0.991 0.914 0.816 0.98 1.097 1.074 1.041 1.053 1.063 0.989
1.083 0.7 1.313 0.925 1.033 1.093 0.991 0.914 0.816 0.98 1.097 1.074 1.041 1.053 1.063 0.94
0.819 0.7 1.313 0.925 1.033 1.093 0.991 0.914 0.816 0.98 1.097 1.074 1.041 1.053 1.063 1.124
0.871 0.7 1.313 0.925 1.033 1.093 0.991 0.914 0.816 0.98 1.097 1.074 1.041 1.053 1.063 1.201
1.013 0.7 1.313 0.925 1.033 1.093 0.991 0.914 0.816 0.98 1.097 1.074 1.041 1.053 1.063 1.126
0.686 0.7 1.313 0.925 1.033 1.093 0.991 0.914 0.816 0.98 1.097 1.074 1.041 1.053 1.063 0.989
0.744 0.7 1.313 0.925 1.033 1.093 0.991 0.914 0.816 0.98 1.097 1.074 1.041 1.053 1.063 0.97
0.989 0.7 1.313 0.925 1.033 1.093 0.991 0.914 0.816 0.98 1.097 1.074 1.041 1.053 1.063 0.801
1.079 0.7 1.313 0.925 1.033 1.093 0.991 0.914 0.816 0.98 1.097 1.074 1.041 1.053 1.063 0.7
1.291 0.7 1.313 0.925 1.033 1.093 0.991 0.914 0.816 0.98 1.097 1.074 1.041 1.053 1.063 1.225
0.794 0.7 1.313 0.925 1.033 1.093 0.991 0.914 0.816 0.98 1.097 1.074 1.041 1.053 1.063 0.599
1.195 0.7 1.313 0.925 1.033 1.093 0.991 0.914 0.816 0.98 1.097 1.074 1.041 1.053 1.063 0.962
0.809 0.7 1.313 0.925 1.033 1.093 0.991 0.914 0.816 0.98 1.097 1.074 1.041 1.053 1.063 1.434
0.971 0.7 1.313 0.925 1.033 1.093 0.991 0.914 0.816 0.98 1.097 1.074 1.041 1.053 1.063 1.372
1.337 0.7 1.313 0.925 1.033 1.093 0.991 0.914 0.816 0.98 1.097 1.074 1.041 1.053 1.063 0.668
0.932 0.7 1.313 0.925 1.033 1.093 0.991 0.914 0.816 0.98 1.097 1.074 1.041 1.053 1.063 0.756
1 0.7 1.313 0.925 1.033 1.093 0.991 0.914 0.816 0.98 1.097 1.074 1.041 1.053 1.063 1.233
0.76 0.7 1.313 0.925 1.033 1.093 0.991 0.914 0.816 0.98 1.097 1.074 1.041 1.053 1.063 0.915
0.875 0.7 1.313 0.925 1.033 1.093 0.991 0.914 0.816 0.98 1.097 1.074 1.041 1.053 1.063 1.254
1.268 0.7 1.313 0.925 1.033 1.093 0.991 0.914 0.816 0.98 1.097 1.074 1.041 1.053 1.063 0.984
0.984 0.7 1.313 0.925 1.033 1.093 0.991 0.914 0.816 0.98 1.097 1.074 1.041 1.053 1.063 1.53
0.461 0.7 1.313 0.925 1.033 1.093 0.991 0.914 0.816 0.98 1.097 1.074 1.041 1.053 1.063 0.961
0.923 0.7 1.313 0.925 1.033 1.093 0.991 0.914 0.816 0.98 1.097 1.074 1.041 1.053 1.063 1.292
1.075 0.7 1.313 0.925 1.033 1.093 0.991 0.914 0.816 0.98 1.097 1.074 1.041 1.053 1.063 1.27
0.92 0.7 1.313 0.925 1.033 1.093 0.991 0.914 0.816 0.98 1.097 1.074 1.041 1.053 1.063 1.2
0.866 0.7 1.313 0.925 1.033 1.093 0.991 0.914 0.816 0.98 1.097 1.074 1.041 1.053 1.063 1.02
0.797 0.7 1.313 0.925 1.033 1.093 0.991 0.914 0.816 0.98 1.097 1.074 1.041 1.053 1.063 1.157
1.189 0.7 1.313 0.925 1.033 1.093 0.991 0.914 0.816 0.98 1.097 1.074 1.041 1.053 1.063 1.522
0.853 0.7 1.313 0.925 1.033 1.093 0.991 0.914 0.816 0.98 1.097 1.074 1.041 1.053 1.063 0.885
1.203 0.7 1.313 0.925 1.033 1.093 0.991 0.914 0.816 0.98 1.097 1.074 1.041 1.053 1.063 0.877
0.873 0.7 1.313 0.925 1.033 1.093 0.991 0.914 0.816 0.98 1.097 1.074 1.041 1.053 1.063 0.947
1.096 0.7 1.313 0.925 1.033 1.093 0.991 0.914 0.816 0.98 1.097 1.074 1.041 1.053 1.063 1.215
0.784 0.7 1.313 0.925 1.033 1.093 0.991 0.914 0.816 0.98 1.097 1.074 1.041 1.053 1.063 0.933
0.799 0.7 1.313 0.925 1.033 1.093 0.991 0.914 0.816 0.98 1.097 1.074 1.041 1.053 1.063 0.96
0.997 0.7 1.313 0.925 1.033 1.093 0.991 0.914 0.816 0.98 1.097 1.074 1.041 1.053 1.063 1.609
1.299 0.7 1.313 0.925 1.033 1.093 0.991 0.914 0.816 0.98 1.097 1.074 1.041 1.053 1.063 1.091
0.941 0.7 1.313 0.925 1.033 1.093 0.991 0.914 0.816 0.98 1.097 1.074 1.041 1.053 1.063 1.334
0.772 0.7 1.313 0.925 1.033 1.093 0.991 0.914 0.816 0.98 1.097 1.074 1.041 1.053 1.063 0.839
1.014 0.7 1.313 0.925 1.033 1.093 0.991 0.914 0.816 0.98 1.097 1.074 1.041 1.053 1.063 1.043
0.76 0.7 1.313 0.925 1.033 1.093 0.991 0.914 0.816 0.98 1.097 1.074 1.041 1.053 1.063 1.19
0.961 0.7 1.313 0.925 1.033 1.093 0.991 0.914 0.816 0.98 1.097 1.074 1.041 1.053 1.063 0.871
0.746 0.7 1.313 0.925 1.033 1.093 0.991 0.914 0.816 0.98 1.097 1.074 1.041 1.053 1.063 0.903
1.215 0.7 1.313 0.925 1.033 1.093 0.991 0.914 0.816 0.98 1.097 1.074 1.041 1.053 1.063 0.893
1.172 0.7 1.313 0.925 1.033 1.093 0.991 0.914 0.816 0.98 1.097 1.074 1.041 1.053 1.063 1.124
1.271 0.7 1.313 0.925 1.033 1.093 0.991 0.914 0.816 0.98 1.097 1.074 1.041 1.053 1.063 1.116
1.177 0.7 1.313 0.925 1.033 1.093 0.991 0.914 0.816 0.98 1.097 1.074 1.041 1.053 1.063 1.145
0.62 0.7 1.313 0.925 1.033 1.093 0.991 0.914 0.816 0.98 1.097 1.074 1.041 1.053 1.063 0.829
1.276 0.7 1.313 0.925 1.033 1.093 0.991 0.914 0.816 0.98 1.097 1.074 1.041 1.053 1.063 0.895
0.754 0.7 1.313 0.925 1.033 1.093 0.991 0.914 0.816 0.98 1.097 1.074 1.041 1.053 1.063 0.89
0.825 0.7 1.313 0.925 1.033 1.093 0.991 0.914 0.816 0.98 1.097 1.074 1.041 1.053 1.063 0.939
0.898 0.7 1.313 0.925 1.033 1.093 0.991 0.914 0.816 0.98 1.097 1.074 1.041 1.053 1.063 1.127
1.125 0.7 1.313 0.925 1.033 1.093 0.991 0.914 0.816 0.98 1.097 1.074 1.041 1.053 1.063 1.039
1.123 0.7 1.313 0.925 1.033 1.093 0.991 0.914 0.816 0.98 1.097 1.074 1.041 1.053 1.063 0.693
0.977 0.7 1.313 0.925 1.033 1.093 0.991 0.914 0.816 0.98 1.097 1.074 1.041 1.053 1.063 1.19
1.025 0.7 1.313 0.925 1.033 1.093 0.991 0.914 0.816 0.98 1.097 1.074 1.041 1.053 1.063 0.832
0.898 0.7 1.313 0.925 1.033 1.093 0.991 0.914 0.816 0.98 1.097 1.074 1.041 1.053 1.063 0.824
0.725 0.7 1.313 0.925 1.033 1.093 0.991 0.914 0.816 0.98 1.097 1.074 1.041 1.053 1.063 1.351
0.875 0.7 1.313 0.925 1.033 1.093 0.991 0.914 0.816 0.98 1.097 1.074 1.041 1.053 1.063 1.127
1.241 0.7 1.313 0.925 1.033 1.093 0.991 0.914 0.816 0.98 1.097 1.074 1.041 1.053 1.063 1.293
0.959 0.7 1.313 0.925 1.033 1.093 0.991 0.914 0.816 0.98 1.097 1.074 1.041 1.053 1.063 0.756
1.095 0.7 1.313 0.925 1.033 1.093 0.991 0.914 0.816 0.98 1.097 1.074 1.041 1.053 1.063 0.897
0.964 0.7 1.313 0.925 1.033 1.093 0.991 0.914 0.816 0.98 1.097 1.074 1.041 1.053 1.063 0.92
0.969 0.7 1.313 0.925 1.033 1.093 0.991 0.914 0.816 0.98 1.097 1.074 1.041 1.053 1.063 0.881
1.5 0.7 1.313 0.925 1.033 1.093 0.991 0.914 0.816 0.98 1.097 1.074 1.041 1.053 1.063 1.536
1.19 0.7 1.313 0.925 1.033 1.093 0.991 0.914 0.816 0.98 1.097 1.074 1.041 1.053 1.063 1.105
1.051 0.7 1.313 0.925 1.033 1.093 0.991 0.914 0.816 0.98 1.097 1.074 1.041 1.053 1.063 1.06
0.902 0.7 1.313 0.925 1.033 1.093 0.991 0.914 0.816 0.98 1.097 1.074 1.041 1.053 1.063 0.85
1.128 0.7 1.313 0.925 1.033 1.093 0.991 0.914 0.816 0.98 1.097 1.074 1.041 1.053 1.063 0.8
0.743 0.7 1.313 0.925 1.033 1.093 0.991 0.914 0.816 0.98 1.097 1.074 1.041 1.053 1.063 1.088
1.182 0.7 1.313 0.925 1.033 1.093 0.991 0.914 0.816 0.98 1.097 1.074 1.041 1.053 1.063 1.195
0.932 0.7 1.313 0.925 1.033 1.093 0.991 0.914 0.816 0.98 1.097 1.074 1.041 1.053 1.063 0.817
1.03 0.7 1.313 0.925 1.033 1.093 0.991 0.914 0.816 0.98 1.097 1.074 1.041 1.053 1.063 0.955
1.284 0.7 1.313 0.925 1.033 1.093 0.991 0.914 0.816 0.98 1.097 1.074 1.041 1.053 1.063 1.299
0.89 0.7 1.313 0.925 1.033 1.093 0.991 0.914 0.816 0.98 1.097 1.074 1.041 1.053 1.063 1.356
1.184 0.7 1.313 0.925 1.033 1.093 0.991 0.914 0.816 0.98 1.097 1.074 1.041 1.053 1.063 0.794
1.046 0.7 1.313 0.925 1.033 1.093 0.991 0.914 0.816 0.98 1.097 1.074 1.041 1.053 1.063 1.007
0.804 0.7 1.313 0.925 1.033 1.093 0.991 0.914 0.816 0.98 1.097 1.074 1.041 1.053 1.063 1.114
1.31 0.7 1.313 0.925 1.033 1.093 0.991 0.914 0.816 0.98 1.097 1.074 1.041 1.053 1.063 1.04
1.051 0.7 1.313 0.925 1.033 1.093 0.991 0.914 0.816 0.98 1.097 1.074 1.041 1.053 1.063 1.295
0.737 0.7 1.313 0.925 1.033 1.093 0.991 0.914 0.816 0.98 1.097 1.074 1.041 1.053 1.063 0.754
0.74 0.7 1.313 0.925 1.033 1.093 0.991 0.914 0.816 0.98 1.097 1.074 1.041 1.053 1.063 1.011
0.751 0.7 1.313 0.925 1.033 1.093 0.991 0.914 0.816 0.98 1.097 1.074 1.041 1.053 1.063 1.324
1.045 0.7 1.313 0.925 1.033 1.093 0.991 0.914 0.816 0.98 1.097 1.074 1.041 1.053 1.063 1.14
0.992 0.7 1.313 0.925 1.033 1.093 0.991 0.914 0.816 0.98 1.097 1.074 1.041 1.053 1.063 1.153
0.581 0.7 1.313 0.925 1.033 1.093 0.991 0.914 0.816 0.98 1.097 1.074 1.041 1.053 1.063 0.786
0.571 0.7 1.313 0.925 1.033 1.093 0.991 0.914 0.816 0.98 1.097 1.074 1.041 1.053 1.063 0.965
0.973 0.7 1.313 0.925 1.033 1.093 0.991 0.914 0.816 0.98 1.097 1.074 1.041 1.053 1.063 1.015
1.194 0.7 1.313 0.925 1.033 1.093 0.991 0.914 0.816 0.98 1.097 1.074 1.041 1.053 1.063 1.341
1.018 0.7 1.313 0.925 1.033 1.093 0.991 0.914 0.816 0.98 1.097 1.074 1.041 1.053 1.063 1.137
1.005 0.7 1.313 0.925 1.033 1.093 0.991 0.914 0.816 0.98 1.097 1.074 1.041 1.053 1.063 0.968
1.159 0.7 1.313 0.925 1.033 1.093 0.991 0.914 0.816 0.98 1.097 1.074 1.041 1.053 1.063 1.51
1.412 0.7 1.313 0.925 1.033 1.093 0.991 0.914 0.816 0.98 1.097 1.074 1.041 1.053 1.063 1.082
1.201 0.7 1.313 0.925 1.033 1.093 0.991 0.914 0.816 0.98 1.097 1.074 1.041 1.053 1.063 1.17
1.11 0.7 1.313 0.925 1.033 1.093 0.991 0.914 0.816 0.98 1.097 1.074 1.041 1.053 1.063 1.14
0.502 0.7 1.313 0.925 1.033 1.093 0.991 0.914 0.816 0.98 1.097 1.074 1.041 1.053 1.063 1.033
1.024 0.7 1.313 0.925 1.033 1.093 0.991 0.914 0.816 0.98 1.097 1.074 1.041 1.053 1.063 0.919
0.813 0.7 1.313 0.925 1.033 1.093 0.991 0.914 0.816 0.98 1.097 1.074 1.041 1.053 1.063 0.97
0.889 0.7 1.313 0.925 1.033 1.093 0.991 0.914 0.816 0.98 1.097 1.074 1.041 1.053 1.063 1.113
1.36 0.7 1.313 0.925 1.033 1.093 0.991 0.914 0.816 0.98 1.097 1.074 1.041 1.053 1.063 0.978
1.055 0.7 1.313 0.925 1.033 1.093 0.991 0.914 0.816 0.98 1.097 1.074 1.041 1.053 1.063 0.794
0.993 0.7 1.313 0.925 1.033 1.093 0.991 0.914 0.816 0.98 1.097 1.074 1.041 1.053 1.063 0.907
0.912 0.7 1.313 0.925 1.033 1.093 0.991 0.914 0.816 0.98 1.097 1.074 1.041 1.053 1.063 1.172
1.054 0.7 1.313 0.925 1.033 1.093 0.991 0.914 0.816 0.98 1.097 1.074 1.041 1.053 1.063 1.364
0.637 0.7 1.313 0.925 1.033 1.093 0.991 0.914 0.816 0.98 1.097 1.074 1.041 1.053 1.063 1.238
1.24 0.7 1.313 0.925 1.033 1.093 0.991 0.914 0.816 0.98 1.097 1.074 1.041 1.053 1.063 0.631
0.991 0.7 1.313 0.925 1.033 1.093 0.991 0.914 0.816 0.98 1.097 1.074 1.041 1.053 1.063 0.885
1.192 0.7 1.313 0.925 1.033 1.093 0.991 0.914 0.816 0.98 1.097 1.074 1.041 1.053 1.063 0.859
1.326 0.7 1.313 0.925 1.033 1.093 0.991 0.914 0.816 0.98 1.097 1.074 1.041 1.053 1.063 0.757
1.116 0.7 1.313 0.925 1.033 1.093 0.991 0.914 0.816 0.98 1.097 1.074 1.041 1.053 1.063 1.123
1.361 0.7 1.313 0.925 1.033 1.093 0.991 0.914 0.816 0.98 1.097 1.074 1.041 1.053 1.063 1.145
1.245 0.7 1.313 0.925 1.033 1.093 0.991 0.914 0.816 0.98 1.097 1.074 1.041 1.053 1.063 1.06
1.082 0.7 1.313 0.925 1.033 1.093 0.991 0.914 0.816 0.98 1.097 1.074 1.041 1.053 1.063 1.263
0.945 0.7 1.313 0.925 1.033 1.093 0.991 0.914 0.816 0.98 1.097 1.074 1.041 1.053 1.063 1.219
1.092 0.7 1.313 0.925 1.033 1.093 0.991 0.914 0.816 0.98 1.097 1.074 1.041 1.053 1.063 0.978
1.05 0.7 1.313 0.925 1.033 1.093 0.991 0.914 0.816 0.98 1.097 1.074 1.041 1.053 1.063 1.135
0.824 0.7 1.313 0.925 1.033 1.093 0.991 0.914 0.816 0.98 1.097 1.074 1.041 1.053 1.063 0.904
0.896 0.7 1.313 0.925 1.033 1.093 0.991 0.914 0.816 0.98 1.097 1.074 1.041 1.053 1.063 1.135
0.553 0.7 1.313 0.925 1.033 1.093 0.991 0.914 0.816 0.98 1.097 1.074 1.041 1.053 1.063 0.888
1.265 0.7 1.313 0.925 1.033 1.093 0.991 0.914 0.816 0.98 1.097 1.074 1.041 1.053 1.063 1.005
1.342 0.7 1.313 0.925 1.033 1.093 0.991 0.914 0.816 0.98 1.097 1.074 1.041 1.053 1.063 1.159
1.394 0.7 1.313 0.925 1.033 1.093 0.991 0.914 0.816 0.98 1.097 1.074 1.041 1.053 1.063 1.187
1.196 0.7 1.313 0.925 1.033 1.093 0.991 0.914 0.816 0.98 1.097 1.074 1.041 1.053 1.063 0.965
1.134 0.7 1.313 0.925 1.033 1.093 0.991 0.914 0.816 0.98 1.097 1.074 1.041 1.053 1.063 0.748
0.894 0.7 1.313 0.925 1.033 1.093 0.991 0.914 0.816 0.98 1.097 1.074 1.041 1.053 1.063 1.323
1.191 0.7 1.313 0.925 1.033 1.093 0.991 0.914 0.816 0.98 1.097 1.074 1.041 1.053 1.063 0.919
0.71 0.7 1.313 0.925 1.033 1.093 0.991 0.914 0.816 0.98 1.097 1.074 1.041 1.053 1.063 1.315
0.94 0.7 1.313 0.925 1.033 1.093 0.991 0.914 0.816 0.98 1.097 1.074 1.041 1.053 1.063 1.306
1.011 0.7 1.313 0.925 1.033 1.093 0.991 0.914 0.816 0.98 1.097 1.074 1.041 1.053 1.063 1.188
0.802 0.7 1.313 0.925 1.033 1.093 0.991 0.914 0.816 0.98 1.097 1.074 1.041 1.053 1.063 0.881
0.979 0.7 1.313 0.925 1.033 1.093 0.991 0.914 0.816 0.98 1.097 1.074 1.041 1.053 1.063 0.94
0.824 0.7 1.313 0.925 1.033 1.093 0.991 0.914 0.816 0.98 1.097 1.074 1.041 1.053 1.063 0.82
1.191 0.7 1.313 0.925 1.033 1.093 0.991 0.914 0.816 0.98 1.097 1.074 1.041 1.053 1.063 1.004
0.646 0.7 1.313 0.925 1.033 1.093 0.991 0.914 0.816 0.98 1.097 1.074 1.041 1.053 1.063 0.685
0.946 0.7 1.313 0.925 1.033 1.093 0.991 0.914 0.816 0.98 1.097 1.074 1.041 1.053 1.063 1.058
0.936 0.7 1.313 0.925 1.033 1.093 0.991 0.914 0.816 0.98 1.097 1.074 1.041 1.053 1.063 0.93
0.868 0.7 1.313 0.925 1.033 1.093 0.991 0.914 0.816 0.98 1.097 1.074 1.041 1.053 1.063 0.985
0.795 0.7 1.313 0.925 1.033 1.093 0.991 0.914 0.816 0.98 1.097 1.074 1.041 1.053 1.063 0.988
1.184 0.7 1.313 0.925 1.033 1.093 0.991 0.914 0.816 0.98 1.097 1.074 1.041 1.053 1.063 1.306
0.723 0.7 1.313 0.925 1.033 1.093 0.991 0.914 0.816 0.98 1.097 1.074 1.041 1.053 1.063 1.339
1.066 0.7 1.313 0.925 1.033 1.093 0.991 0.914 0.816 0.98 1.097 1.074 1.041 1.053 1.063 1.117
1.224 0.7 1.313 0.925 1.033 1.093 0.991 0.914 0.816 0.98 1.097 1.074 1.041 1.053 1.063 0.972
0.801 0.7 1.313 0.925 1.033 1.093 0.991 0.914 0.816 0.98 1.097 1.074 1.041 1.053 1.063 1.142
1.103 0.7 1.313 0.925 1.033 1.093 0.991 0.914 0.816 0.98 1.097 1.074 1.041 1.053 1.063 1.184
0.919 0.7 1.313 0.925 1.033 1.093 0.991 0.914 0.816 0.98 1.097 1.074 1.041 1.053 1.063 1.413
0.856 0.7 1.313 0.925 1.033 1.093 0.991 0.914 0.816 0.98 1.097 1.074 1.041 1.053 1.063 0.582
1.018 0.7 1.313 0.925 1.033 1.093 0.991 0.914 0.816 0.98 1.097 1.074 1.041 1.053 1.063 0.69
0.658 0.7 1.313 0.925 1.033 1.093 0.991 0.914 0.816 0.98 1.097 1.074 1.041 1.053 1.063 0.993
0.978 0.7 1.313 0.925 1.033 1.093 0.991 0.914 0.816 0.98 1.097 1.074 1.041 1.053 1.063 0.984
1.312 0.7 1.313 0.925 1.033 1.093 0.991 0.914 0.816 0.98 1.097 1.074 1.041 1.053 1.063 1.25
1.244 0.7 1.313 0.925 1.033 1.093 0.991 0.914 0.816 0.98 1.097 1.074 1.041 1.053 1.063 1.131
0.839 0.7 1.313 0.925 1.033 1.093 0.991 0.914 0.816 0.98 1.097 1.074 1.041 1.053 1.063 1.404
0.986 0.7 1.313 0.925 1.033 1.093 0.991 0.914 0.816 0.98 1.097 1.074 1.041 1.053 1.063 1.116
1.207 0.7 1.313 0.925 1.033 1.093 0.991 0.914 0.816 0.98 1.097 1.074 1.041 1.053 1.063 0.755
0.544 0.7 1.313 0.925 1.033 1.093 0.991 0.914 0.816 0.98 1.097 1.074 1.041 1.053 1.063 0.826
1.152 0.7 1.313 0.925 1.033 1.093 0.991 0.914 0.816 0.98 1.097 1.074 1.041 1.053 1.063 0.586
1.13 0.7 1.313 0.925 1.033 1.093 0.991 0.914 0.816 0.98 1.097 1.074 1.041 1.053 1.063 0.66
0.703 0.7 1.313 0.925 1.033 1.093 0.991 0.914 0.816 0.98 1.097 1.074 1.041 1.053 1.063 1.201
0.972 0.7 1.313 0.925 1.033 1.093 0.991 0.914 0.816 0.98 1.097 1.074 1.041 1.053 1.063 0.976
1.236 0.7 1.313 0.925 1.033 1.093 0.991 0.914 0.816 0.98 1.097 1.074 1.041 1.053 1.063 0.902
1.798 0.7 1.313 0.925 1.033 1.093 0.991 0.914 0.816 0.98 1.097 1.074 1.041 1.053 1.063 1.574
0.667 0.7 1.313 0.925 1.033 1.093 0.991 0.914 0.816 0.98 1.097 1.074 1.041 1.053 1.063 1.457
1.611 0.7 1.313 0.925 1.033 1.093 0.991 0.914 0.816 0.98 1.097 1.074 1.041 1.053 1.063 1.313
1.012 0.7 1.313 0.925 1.033 1.093 0.991 0.914 0.816 0.98 1.097 1.074 1.041 1.053 1.063 0.921
1.255 0.7 1.313 0.925 1.033 1.093 0.991 0.914 0.816 0.98 1.097 1.074 1.041 1.053 1.063 0.761
1.026 0.7 1.313 0.925 1.033 1.093 0.991 0.914 0.816 0.98 1.097 1.074 1.041 1.053 1.063 0.765
1.202 0.7 1.313 0.925 1.033 1.093 0.991 0.914 0.816 0.98 1.097 1.074 1.041 1.053 1.063 0.904
0.838 0.7 1.313 0.925 1.033 1.093 0.991 0.914 0.816 0.98 1.097 1.074 1.041 1.053 1.063 1.38
0.829 0.7 1.313 0.925 1.033 1.093 0.991 0.914 0.816 0.98 1.097 1.074 1.041 1.053 1.063 1.318
1.11 0.7 1.313 0.925 1.033 1.093 0.991 0.914 0.816 0.98 1.097 1.074 1.041 1.053 1.063 0.677
0.889 0.7 1.313 0.925 1.033 1.093 0.991 0.914 0.816 0.98 1.097 1.074 1.041 1.053 1.063 1.044
1.272 0.7 1.313 0.925 1.033 1.093 0.991 0.914 0.816 0.98 1.097 1.074 1.041 1.053 1.063 0.815
0.785 0.7 1.313 0.925 1.033 1.093 0.991 0.914 0.816 0.98 1.097 1.074 1.041 1.053 1.063 0.78
1.079 0.7 1.313 0.925 1.033 1.093 0.991 0.914 0.816 0.98 1.097 1.074 1.041 1.053 1.063 0.857
0.92 0.7 1.313 0.925 1.033 1.093 0.991 0.914 0.816 0.98 1.097 1.074 1.041 1.053 1.063 1.335
0.946 0.7 1.313 0.925 1.033 1.093 0.991 0.914 0.816 0.98 1.097 1.074 1.041 1.053 1.063 0.878
0.446 0.7 1.313 0.925 1.033 1.093 0.991 0.914 0.816 0.98 1.097 1.074 1.041 1.053 1.063 0.634
0.892 0.7 1.313 0.925 1.033 1.093 0.991 0.914 0.816 0.98 1.097 1.074 1.041 1.053 1.063 1.017
0.699 0.7 1.313 0.925 1.033 1.093 0.991 0.914 0.816 0.98 1.097 1.074 1.041 1.053 1.063 0.768
1.347 0.7 1.313 0.925 1.033 1.093 0.991 0.914 0.816 0.98 1.097 1.074 1.041 1.053 1.063 1.175
1.042 0.7 1.313 0.925 1.033 1.093 0.991 0.914 0.816 0.98 1.097 1.074 1.041 1.053 1.063 0.721
0.609 0.7 1.313 0.925 1.033 1.093 0.991 0.914 0.816 0.98 1.097 1.074 1.041 1.053 1.063 0.581
1.203 0.7 1.313 0.925 1.033 1.093 0.991 0.914 0.816 0.98 1.097 1.074 1.041 1.053 1.063 1.147
0.955 0.7 1.313 0.925 1.033 1.093 0.991 0.914 0.816 0.98 1.097 1.074 1.041 1.053 1.063 0.779
1.109 0.7 1.313 0.925 1.033 1.093 0.991 0.914 0.816 0.98 1.097 1.074 1.041 1.053 1.063 0.824
1.202 0.7 1.313 0.925 1.033 1.093 0.991 0.914 0.816 0.98 1.097 1.074 1.041 1.053 1.063 0.755
1.023 0.7 1.313 0.925 1.033 1.093 0.991 0.914 0.816 0.98 1.097 1.074 1.041 1.053 1.063 1.08
0.995 0.7 1.313 0.925 1.033 1.093 0.991 0.914 0.816 0.98 1.097 1.074 1.041 1.053 1.063 0.543
1.523 0.7 1.313 0.925 1.033 1.093 0.991 0.914 0.816 0.98 1.097 1.074 1.041 1.053 1.063 1.5
0.491 0.7 1.313 0.925 1.033 1.093 0.991 0.914 0.816 0.98 1.097 1.074 1.041 1.053 1.063 1.115
0.961 0.7 1.313 0.925 1.033 1.093 0.991 0.914 0.816 0.98 1.097 1.074 1.041 1.053 1.063 0.916
1.107 0.7 1.313 0.925 1.033 1.093 0.991 0.914 0.816 0.98 1.097 1.074 1.041 1.053 1.063 0.96
0.887 0.7 1.313 0.925 1.033 1.093 0.991 0.914 0.816 0.98 1.097 1.074 1.041 1.053 1.063 0.997
1.436 0.7 1.313 0.925 1.033 1.093 0.991 0.914 0.816 0.98 1.097 1.074 1.041 1.053 1.063 1.324
1.208 0.7 1.313 0.925 1.033 1.093 0.991 0.914 0.816 0.98 1.097 1.074 1.041 1.053 1.063 1.193
0.583 0.7 1.313 0.925 1.033 1.093 0.991 0.914 0.816 0.98 1.097 1.074 1.041 1.053 1.063 1.104
1.104 0.7 1.313 0.925 1.033 1.093 0.991 0.914 0.816 0.98 1.097 1.074 1.041 1.053 1.063 1.146
0.986 0.7 1.313 0.925 1.033 1.093 0.991 0.914 0.816 0.98 1.097 1.074 1.041 1.053 1.063 1.187
0.923 0.7 1.313 0.925 1.033 1.093 0.991 0.914 0.816 0.98 1.097 1.074 1.041 1.053 1.063 1.018
1.09 0.7 1.313 0.925 1.033 1.093 0.991 0.914 0.816 0.98 1.097 1.074 1.041 1.053 1.063 0.952
0.878 0.7 1.313 0.925 1.033 1.093 0.991 0.914 0.816 0.98 1.097 1.074 1.041 1.053 1.063 1.048
0.863 0.7 1.313 0.925 1.033 1.093 0.991 0.914 0.816 0.98 1.097 1.074 1.041 1.053 1.063 0.989
0.376 0.7 1.313 0.925 1.033 1.093 0.991 0.914 0.816 0.98 1.097 1.074 1.041 1.053 1.063 1.16
1.088 0.7 1.313 0.925 1.033 1.093 0.991 0.914 0.816 0.98 1.097 1.074 1.041 1.053 1.063 0.7
1.399 0.7 1.313 0.925 1.033 1.093 0.991 0.914 0.816 0.98 1.097 1.074 1.041 1.053 1.063 1.007
1.144 0.7 1.313 0.925 1.033 1.093 0.991 0.914 0.816 0.98 1.097 1.074 1.041 1.053 1.063 0.924
0.735 0.7 1.313 0.925 1.033 1.093 0.991 0.914 0.816 0.98 1.097 1.074 1.041 1.053 1.063 1.091
1.12 0.7 1.313 0.925 1.033 1.093 0.991 0.914 0.816 0.98 1.097 1.074 1.041 1.053 1.063 0.716
0.734 0.7 1.313 0.925 1.033 1.093 0.991 0.914 0.816 0.98 1.097 1.074 1.041 1.053 1.063 1.419
1.069 0.7 1.313 0.925 1.033 1.093 0.991 0.914 0.816 0.98 1.097 1.074 1.041 1.053 1.063 1.221
1.183 0.7 1.313 0.925 1.033 1.093 0.991 0.914 0.816 0.98 1.097 1.074 1.041 1.053 1.063 0.945
1.057 0.7 1.313 0.925 1.033 1.093 0.991 0.914 0.816 0.98 1.097 1.074 1.041 1.053 1.063 0.894
0.687 0.7 1.313 0.925 1.033 1.093 0.991 0.914 0.816 0.98 1.097 1.074 1.041 1.053 1.063 0.681
1.324 0.7 1.313 0.925 1.033 1.093 0.991 0.914 0.816 0.98 1.097 1.074 1.041 1.053 1.063 1.269
0.918 0.7 1.313 0.925 1.033 1.093 0.991 0.914 0.816 0.98 1.097 1.074 1.041 1.053 1.063 1.298
1.11 0.7 1.313 0.925 1.033 1.093 0.991 0.914 0.816 0.98 1.097 1.074 1.041 1.053 1.063 0.721
1.215 0.7 1.313 0.925 1.033 1.093 0.991 0.914 0.816 0.98 1.097 1.074 1.041 1.053 1.063 0.925
0.85 0.7 1.313 0.925 1.033 1.093 0.991 0.914 0.816 0.98 1.097 1.074 1.041 1.053 1.063 1.077
1.182 0.7 1.313 0.925 1.033 1.093 0.991 0.914 0.816 0.98 1.097 1.074 1.041 1.053 1.063 1.364
0.561 0.7 1.313 0.925 1.033 1.093 0.991 0.914 0.816 0.98 1.097 1.074 1.041 1.053 1.063 0.963
1.043 0.7 1.313 0.925 1.033 1.093 0.991 0.914 0.816 0.98 1.097 1.074 1.041 1.053 1.063 0.796
0.744 0.7 1.313 0.925 1.033 1.093 0.991 0.914 0.816 0.98 1.097 1.074 1.041 1.053 1.063 0.909
0.916 0.7 1.313 0.925 1.033 1.093 0.991 0.914 0.816 0.98 1.097 1.074 1.041 1.053 1.063 0.956
1.258 0.7 1.313 0.925 1.033 1.093 0.991 0.914 0.816 0.98 1.097 1.074 1.041 1.053 1.063 1.346
0.866 0.7 1.313 0.925 1.033 1.093 0.991 0.914 0.816 0.98 1.097 1.074 1.041 1.053 1.063 0.639
0.999 0.7 1.313 0.925 1.033 1.093 0.991 0.914 0.816 0.98 1.097 1.074 1.041 1.053 1.063 0.878
1.139 0.7 1.313 0.925 1.033 1.093 0.991 0.914 0.816 0.98 1.097 1.074 1.041 1.053 1.063 1.243
1.437 0.7 1.313 0.925 1.033 1.093 0.991 0.914 0.816 0.98 1.097 1.074 1.041 1.053 1.063 1.583
0.423 0.7 1.313 0.925 1.033 1.093 0.991 0.914 0.816 0.98 1.097 1.074 1.041 1.053 1.063 1.376
1.184 0.7 1.313 0.925 1.033 1.093 0.991 0.914 0.816 0.98 1.097 1.074 1.041 1.053 1.063 0.822
0.892 0.7 1.313 0.925 1.033 1.093 0.991 0.914 0.816 0.98 1.097 1.074 1.041 1.053 1.063 0.974
1.016 0.7 1.313 0.925 1.033 1.093 0.991 0.914 0.816 0.98 1.097 1.074 1.041 1.053 1.063 0.985
1.325 0.7 1.313 0.925 1.033 1.093 0.991 0.914 0.816 0.98 1.097 1.074 1.041 1.053 1.063 1.082
0.739 0.7 1.313 0.925 1.033 1.093 0.991 0.914 0.816 0.98 1.097 1.074 1.041 1.053 1.063 1.455
1.355 0.7 1.313 0.925 1.033 1.093 0.991 0.914 0.816 0.98 1.097 1.074 1.041 1.053 1.063 1.502
0.886 0.7 1.313 0.925 1.033 1.093 0.991 0.914 0.816 0.98 1.097 1.074 1.041 1.053 1.063 1.229
1.344 0.7 1.313 0.925 1.033 1.093 0.991 0.914 0.816 0.98 1.097 1.074 1.041 1.053 1.063 0.976
1.142 0.7 1.313 0.925 1.033 1.093 0.991 0.914 0.816 0.98 1.097 1.074 1.041 1.053 1.063 1.331
0.861 0.7 1.313 0.925 1.033 1.093 0.991 0.914 0.816 0.98 1.097 1.074 1.041 1.053 1.063 0.991
0.864 0.7 1.313 0.925 1.033 1.093 0.991 0.914 0.816 0.98 1.097 1.074 1.041 1.053 1.063 0.584
0.412 0.7 1.313 0.925 1.033 1.093 0.991 0.914 0.816 0.98 1.097 1.074 1.041 1.053 1.063 1.541
0.515 0.7 1.313 0.925 1.033 1.093 0.991 0.914 0.816 0.98 1.097 1.074 1.041 1.053 1.063 0.776
1.383 0.7 1.313 0.925 1.033 1.093 0.991 0.914 0.816 0.98 1.097 1.074 1.041 1.053 1.063 0.983
0.953 0.7 1.313 0.925 1.033 1.093 0.991 0.914 0.816 0.98 1.097 1.074 1.041 1.053 1.063 1.258
0.806 0.7 1.313 0.925 1.033 1.093 0.991 0.914 0.816 0.98 1.097 1.074 1.041 1.053 1.063 1.073
1.411 0.7 1.313 0.925 1.033 1.093 0.991 0.914 0.816 0.98 1.097 1.074 1.041 1.053 1.063 0.721
0.712 0.7 1.313 0.925 1.033 1.093 0.991 0.914 0.816 0.98 1.097 1.074 1.041 1.053 1.063 1.062
1.078 0.7 1.313 0.925 1.033 1.093 0.991 0.914 0.816 0.98 1.097 1.074 1.041 1.053 1.063 1.268
1.309 0.7 1.313 0.925 1.033 1.093 0.991 0.914 0.816 0.98 1.097 1.074 1.041 1.053 1.063 1.353
0.971 0.7 1.313 0.925 1.033 1.093 0.991 0.914 0.816 0.98 1.097 1.074 1.041 1.053 1.063 1.293
1.222 0.7 1.313 0.925 1.033 1.093 0.991 0.914 0.816 0.98 1.097 1.074 1.041 1.053 1.063 1.056
0.859 0.7 1.313 0.925 1.033 1.093 0.991 0.914 0.816 0.98 1.097 1.074 1.041 1.053 1.063 0.862
0.946 0.7 1.313 0.925 1.033 1.093 0.991 0.914 0.816 0.98 1.097 1.074 1.041 1.053 1.063 1.167
1.133 0.7 1.313 0.925 1.033 1.093 0.991 0.914 0.816 0.98 1.097 1.074 1.041 1.053 1.063 1.124
0.831 0.7 1.313 0.925 1.033 1.093 0.991 0.914 0.816 0.98 1.097 1.074 1.041 1.053 1.063 1.069
1.099 0.7 1.313 0.925 1.033 1.093 0.991 0.914 0.816 0.98 1.097 1.074 1.041 1.053 1.063 1.007
0.871 0.7 1.313 0.925 1.033 1.093 0.991 0.914 0.816 0.98 1.097 1.074 1.041 1.053 1.063 1.148
0.974 0.7 1.313 0.925 1.033 1.093 0.991 0.914 0.816 0.98 1.097 1.074 1.041 1.053 1.063 1.074
0.705 0.7 1.313 0.925 1.033 1.093 0.991 0.914 0.816 0.98 1.097 1.074 1.041 1.053 1.063 0.835
1.098 0.7 1.313 0.925 1.033 1.093 0.991 0.914 0.816 0.98 1.097 1.074 1.041 1.053 1.063 1.146
0.755 0.7 1.313 0.925 1.033 1.093 0.991 0.914 0.816 0.98 1.097 1.074 1.041 1.053 1.063 1.037
1.087 0.7 1.313 0.925 1.033 1.093 0.991 0.914 0.816 0.98 1.097 1.074 1.041 1.053 1.063 1.424
0.858 0.7 1.313 0.925 1.033 1.093 0.991 0.914 0.816 0.98 1.097 1.074 1.041 1.053 1.063 0.845
0.949 0.7 1.313 0.925 1.033 1.093 0.991 0.914 0.816 0.98 1.097 1.074 1.041 1.053 1.063 1.107
1.109 0.7 1.313 0.925 1.033 1.093 0.991 0.914 0.816 0.98 1.097 1.074 1.041 1.053 1.063 0.887
1.051 0.7 1.313 0.925 1.033 1.093 0.991 0.914 0.816 0.98 1.097 1.074 1.041 1.053 1.063 0.903
1.101 0.7 1.313 0.925 1.033 1.093 0.991 0.914 0.816 0.98 1.097 1.074 1.041 1.053 1.063 0.897
0.447 0.7 1.313 0.925 1.033 1.093 0.991 0.914 0.816 0.98 1.097 1.074 1.041 1.053 1.063 1.245
0.762 0.7 1.313 0.925 1.033 1.093 0.991 0.914 0.816 0.98 1.097 1.074 1.041 1.053 1.063 0.749
0.834 0.7 1.313 0.925 1.033 1.093 0.991 0.914 0.816 0.98 1.097 1.074 1.041 1.053 1.063 0.925
0.981 0.7 1.313 0.925 1.033 1.093 0.991 0.914 0.816 0.98 1.097 1.074 1.041 1.053 1.063 0.716
0.857 0.7 1.313 0.925 1.033 1.093 0.991 0.914 0.816 0.98 1.097 1.074 1.041 1.053 1.063 1.159
0.693 0.7 1.313 0.925 1.033 1.093 0.991 0.914 0.816 0.98 1.097 1.074 1.041 1.053 1.063 0.932
0.964 0.7 1.313 0.925 1.033 1.093 0.991 0.914 0.816 0.98 1.097 1.074 1.041 1.053 1.063 1.076
1.043 0.7 1.313 0.925 1.033 1.093 0.991 0.914 0.816 0.98 1.097 1.074 1.041 1.053 1.063 1.384
0.77 0.7 1.313 0.925 1.033 1.093 0.991 0.914 0.816 0.98 1.097 1.074 1.041 1.053 1.063 1.189
0.941 0.7 1.313 0.925 1.033 1.093 0.991 0.914 0.816 0.98 1.097 1.074 1.041 1.053 1.063 0.94
0.699 0.7 1.313 0.925 1.033 1.093 0.991 0.914 0.816 0.98 1.097 1.074 1.041 1.053 1.063 1.08
0.941 0.7 1.313 0.925 1.033 1.093 0.991 0.914 0.816 0.98 1.097 1.074 1.041 1.053 1.063 0.987
0.835 0.7 1.313 0.925 1.033 1.093 0.991 0.914 0.816 0.98 1.097 1.074 1.041 1.053 1.063 0.752
1.447 0.7 1.313 0.925 1.033 1.093 0.991 0.914 0.816 0.98 1.097 1.074 1.041 1.053 1.063 1.477
0.852 0.7 1.313 0.925 1.033 1.093 0.991 0.914 0.816 0.98 1.097 1.074 1.041 1.053 1.063 1.08
1.045 0.7 1.313 0.925 1.033 1.093 0.991 0.914 0.816 0.98 1.097 1.074 1.041 1.053 1.063 0.834
0.616 0.7 1.313 0.925 1.033 1.093 0.991 0.914 0.816 0.98 1.097 1.074 1.041 1.053 1.063 0.805
0.964 0.7 1.313 0.925 1.033 1.093 0.991 0.914 0.816 0.98 1.097 1.074 1.041 1.053 1.063 1.021
0.881 0.7 1.313 0.925 1.033 1.093 0.991 0.914 0.816 0.98 1.097 1.074 1.041 1.053 1.063 1.206
0.78 0.7 1.313 0.925 1.033 1.093 0.991 0.914 0.816 0.98 1.097 1.074 1.041 1.053 1.063 1.308
0.684 0.7 1.313 0.925 1.033 1.093 0.991 0.914 0.816 0.98 1.097 1.074 1.041 1.053 1.063 1.108
0.617 0.7 1.313 0.925 1.033 1.093 0.991 0.914 0.816 0.98 1.097 1.074 1.041 1.053 1.063 1.022
0.96 0.7 1.313 0.925 1.033 1.093 0.991 0.914 0.816 0.98 1.097 1.074 1.041 1.053 1.063 0.899
0.799 0.7 1.313 0.925 1.033 1.093 0.991 0.914 0.816 0.98 1.097 1.074 1.041 1.053 1.063 1.05
0.786 0.7 1.313 0.925 1.033 1.093 0.991 0.914 0.816 0.98 1.097 1.074 1.041 1.053 1.063 0.826
0.745 0.7 1.313 0.925 1.033 1.093 0.991 0.914 0.816 0.98 1.097 1.074 1.041 1.053 1.063 0.995
1.218 0.7 1.313 0.925 1.033 1.093 0.991 0.914 0.816 0.98 1.097 1.074 1.041 1.053 1.063 0.829
0.784 0.7 1.313 0.925 1.033 1.093 0.991 0.914 0.816 0.98 1.097 1.074 1.041 1.053 1.063 0.809
0.936 0.7 1.313 0.925 1.033 1.093 0.991 0.914 0.816 0.98 1.097 1.074 1.041 1.053 1.063 1.244
0.769 0.7 1.313 0.925 1.033 1.093 0.991 0.914 0.816 0.98 1.097 1.074 1.041 1.053 1.063 0.797
0.865 0.7 1.313 0.925 1.033 1.093 0.991 0.914 0.816 0.98 1.097 1.074 1.041 1.053 1.063 1.127
0.733 0.7 1.313 0.925 1.033 1.093 0.991 0.914 0.816 0.98 1.097 1.074 1.041 1.053 1.063 0.97
1.357 0.7 1.313 0.925 1.033 1.093 0.991 0.914 0.816 0.98 1.097 1.074 1.041 1.053 1.063 0.638
0.967 0.7 1.313 0.925 1.033 1.093 0.991 0.914 0.816 0.98 1.097 1.074 1.041 1.053 1.063 0.991
0.814 0.7 1.313 0.925 1.033 1.093 0.991 0.914 0.816 0.98 1.097 1.074 1.041 1.053 1.063 0.957
0.904 0.7 1.313 0.925 1.033 1.093 0.991 0.914 0.816 0.98 1.097 1.074 1.041 1.053 1.063 1.226
0.975 0.7 1.313 0.925 1.033 1.093 0.991 0.914 0.816 0.98 1.097 1.074 1.041 1.053 1.063 1.08
1.301 0.7 1.313 0.925 1.033 1.093 0.991 0.914 0.816 0.98 1.097 1.074 1.041 1.053 1.063 1.071
1.236 0.7 1.313 0.925 1.033 1.093 0.991 0.914 0.816 0.98 1.097 1.074 1.041 1.053 1.063 1.133
1.027 0.7 1.313 0.925 1.033 1.093 0.991 0.914 0.816 0.98 1.097 1.074 1.041 1.053 1.063 1.145
1.116 0.7 1.313 0.925 1.033 1.093 0.991 0.914 0.816 0.98 1.097 1.074 1.041 1.053 1.063 1.129
0.885 0.7 1.313 0.925 1.033 1.093 0.991 0.914 0.816 0.98 1.097 1.074 1.041 1.053 1.063 1.166
0.451 0.7 1.313 0.925 1.033 1.093 0.991 0.914 0.816 0.98 1.097 1.074 1.041 1.053 1.063 0.988
1.055 0.7 1.313 0.925 1.033 1.093 0.991 0.914 0.816 0.98 1.097 1.074 1.041 1.053 1.063 0.729
0.883 0.7 1.313 0.925 1.033 1.093 0.991 0.914 0.816 0.98 1.097 1.074 1.041 1.053 1.063 1.053
1.11 0.7 1.313 0.925 1.033 1.093 0.991 0.914 0.816 0.98 1.097 1.074 1.041 1.053 1.063 1.123
0.981 0.7 1.313 0.925 1.033 1.093 0.991 0.914 0.816 0.98 1.097 1.074 1.041 1.053 1.063 1.138
0.944 0.7 1.313 0.925 1.033 1.093 0.991 0.914 0.816 0.98 1.097 1.074 1.041 1.053 1.063 0.887
1.35 0.7 1.313 0.925 1.033 1.093 0.991 0.914 0.816 0.98 1.097 1.074 1.041 1.053 1.063 1.222
0.933 0.7 1.313 0.925 1.033 1.093 0.991 0.914 0.816 0.98 1.097 1.074 1.041 1.053 1.063 1.419
0.517 0.7 1.313 0.925 1.033 1.093 0.991 0.914 0.816 0.98 1.097 1.074 1.041 1.053 1.063 1.097
1.046 0.7 1.313 0.925 1.033 1.093 0.991 0.914 0.816 0.98 1.097 1.074 1.041 1.053 1.063 1.035
0.881 0.7 1.313 0.925 1.033 1.093 0.991 0.914 0.816 0.98 1.097 1.074 1.041 1.053 1.063 1.149
1.124 0.7 1.313 0.925 1.033 1.093 0.991 0.914 0.816 0.98 1.097 1.074 1.041 1.053 1.063 0.828
1.024 0.7 1.313 0.925 1.033 1.093 0.991 0.914 0.816 0.98 1.097 1.074 1.041 1.053 1.063 1.024
0.831 0.7 1.313 0.925 1.033 1.093 0.991 0.914 0.816 0.98 1.097 1.074 1.041 1.053 1.063 1.221
1.01 0.7 1.313 0.925 1.033 1.093 0.991 0.914 0.816 0.98 1.097 1.074 1.041 1.053 1.063 1.019
0.979 0.7 1.313 0.925 1.033 1.093 0.991 0.914 0.816 0.98 1.097 1.074 1.041 1.053 1.063 1.373
1.197 0.7 1.313 0.925 1.033 1.093 0.991 0.914 0.816 0.98 1.097 1.074 1.041 1.053 1.063 0.601
1.125 0.7 1.313 0.925 1.033 1.093 0.991 0.914 0.816 0.98 1.097 1.074 1.041 1.053 1.063 1.017
1.219 0.7 1.313 0.925 1.033 1.093 0.991 0.914 0.816 0.98 1.097 1.074 1.041 1.053 1.063 0.948
0.874 0.7 1.313 0.925 1.033 1.093 0.991 0.914 0.816 0.98 1.097 1.074 1.041 1.053 1.063 1.076
0.811 0.7 1.313 0.925 1.033 1.093 0.991 0.914 0.816 0.98 1.097 1.074 1.041 1.053 1.063 0.963
0.724 0.7 1.313 0.925 1.033 1.093 0.991 0.914 0.816 0.98 1.097 1.074 1.041 1.053 1.063 0.801
0.693 0.7 1.313 0.925 1.033 1.093 0.991 0.914 0.816 0.98 1.097 1.074 1.041 1.053 1.063 1.138
0.46 0.7 1.313 0.925 1.033 1.093 0.991 0.914 0.816 0.98 1.097 1.074 1.041 1.053 1.063 1.219
0.708 0.7 1.313 0.925 1.033 1.093 0.991 0.914 0.816 0.98 1.097 1.074 1.041 1.053 1.063 1.174
0.981 0.7 1.313 0.925 1.033 1.093 0.991 0.914 0.816 0.98 1.097 1.074 1.041 1.053 1.063 0.618
1.196 0.7 1.313 0.925 1.033 1.093 0.991 0.914 0.816 0.98 1.097 1.074 1.041 1.053 1.063 0.837
1.362 0.7 1.313 0.925 1.033 1.093 0.991 0.914 0.816 0.98 1.097 1.074 1.041 1.053 1.063 1.158
1.275 0.7 1.313 0.925 1.033 1.093 0.991 0.914 0.816 0.98 1.097 1.074 1.041 1.053 1.063 1.011
0.846 0.7 1.313 0.925 1.033 1.093 0.991 0.914 0.816 0.98 1.097 1.074 1.041 1.053 1.063 1.027
0.724 0.7 1.313 0.925 1.033 1.093 0.991 0.914 0.816 0.98 1.097 1.074 1.041 1.053 1.063 0.693
0.639 0.7 1.313 0.925 1.033 1.093 0.991 0.914 0.816 0.98 1.097 1.074 1.041 1.053 1.063 1.102
0.83 0.7 1.313 0.925 1.033 1.093 0.991 0.914 0.816 0.98 1.097 1.074 1.041 1.053 1.063 0.893
1.223 0.7 1.313 0.925 1.033 1.093 0.991 0.914 0.816 0.98 1.097 1.074 1.041 1.053 1.063 0.76
1.178 0.7 1.313 0.925 1.033 1.093 0.991 0.914 0.816 0.98 1.097 1.074 1.041 1.053 1.063 0.884
0.882 0.7 1.313 0.925 1.033 1.093 0.991 0.914 0.816 0.98 1.097 1.074 1.041 1.053 1.063 1.277
1.139 0.7 1.313 0.925 1.033 1.093 0.991 0.914 0.816 0.98 1.097 1.074 1.041 1.053 1.063 0.943
0.827 0.7 1.313 0.925 1.033 1.093 0.991 0.914 0.816 0.98 1.097 1.074 1.041 1.053 1.063 1.384
0.831 0.7 1.313 0.925 1.033 1.093 0.991 0.914 0.816 0.98 1.097 1.074 1.041 1.053 1.063 1.454
0.574 0.7 1.313 0.925 1.033 1.093 0.991 0.914 0.816 0.98 1.097 1.074 1.041 1.053 1.063 0.678
1.301 0.7 1.313 0.925 1.033 1.093 0.991 0.914 0.816 0.98 1.097 1.074 1.041 1.053 1.063 0.81
0.807 0.7 1.313 0.925 1.033 1.093 0.991 0.914 0.816 0.98 1.097 1.074 1.041 1.053 1.063 1.135
0.726 0.7 1.313 0.925 1.033 1.093 0.991 0.914 0.816 0.98 1.097 1.074 1.041 1.053 1.063 1.099
0.805 0.7 1.313 0.925 1.033 1.093 0.991 0.914 0.816 0.98 1.097 1.074 1.041 1.053 1.063 1.215
1.203 0.7 1.313 0.925 1.033 1.093 0.991 0.914 0.816 0.98 1.097 1.074 1.041 1.053 1.063 0.694
0.814 0.7 1.313 0.925 1.033 1.093 0.991 0.914 0.816 0.98 1.097 1.074 1.041 1.053 1.063 1.054
0.982 0.7 1.313 0.925 1.033 1.093 0.991 0.914 0.816 0.98 1.097 1.074 1.041 1.053 1.063 1.323
0.803 0.7 1.313 0.925 1.033 1.093 0.991 0.914 0.816 0.98 1.097 1.074 1.041 1.053 1.063 0.81
0.831 0.7 1.313 0.925 1.033 1.093 0.991 0.914 0.816 0.98 1.097 1.074 1.041 1.053 1.063 0.814
1.466 0.7 1.313 0.925 1.033 1.093 0.991 0.914 0.816 0.98 1.097 1.074 1.041 1.053 1.063 1.152
0.945 0.7 1.313 0.925 1.033 1.093 0.991 0.914 0.816 0.98 1.097 1.074 1.041 1.053 1.063 0.888
0.918 0.7 1.313 0.925 1.033 1.093 0.991 0.914 0.816 0.98 1.097 1.074 1.041 1.053 1.063 1.028
0.949 0.7 1.313 0.925 1.033 1.093 0.991 0.914 0.816 0.98 1.097 1.074 1.041 1.053 1.063 1.136
0.699 0.7 1.313 0.925 1.033 1.093 0.991 0.914 0.816 0.98 1.097 1.074 1.041 1.053 1.063 1
0.752 0.7 1.313 0.925 1.033 1.093 0.991 0.914 0.816 0.98 1.097 1.074 1.041 1.053 1.063 0.964
1.387 0.7 1.313 0.925 1.033 1.093 0.991 0.914 0.816 0.98 1.097 1.074 1.041 1.053 1.063 1.405
0.396 0.7 1.313 0.925 1.033 1.093 0.991 0.914 0.816 0.98 1.097 1.074 1.041 1.053 1.063 0.617
1.072 0.7 1.313 0.925 1.033 1.093 0.991 0.914 0.816 0.98 1.097 1.074 1.041 1.053 1.063 0.692
0.832 0.7 1.313 0.925 1.033 1.093 0.991 0.914 0.816 0.98 1.097 1.074 1.041 1.053 1.063 0.718
1.09 0.7 1.313 0.925 1.033 1.093 0.991 0.914 0.816 0.98 1.097 1.074 1.041 1.053 1.063 0.813
0.977 0.7 1.313 0.925 1.033 1.093 0.991 0.914 0.816 0.98 1.097 1.074 1.041 1.053 1.063 0.722
1.081 0.7 1.313 0.925 1.033 1.093 0.991 0.914 0.816 0.98 1.097 1.074 1.041 1.053 1.063 1.291
0.868 0.7 1.313 0.925 1.033 1.093 0.991 0.914 0.816 0.98 1.097 1.074 1.041 1.053 1.063 0.915
0.746 0.7 1.313 0.925 1.033 1.093 0.991 0.914 0.816 0.98 1.097 1.074 1.041 1.053 1.063 1.322
1.145 0.7 1.313 0.925 1.033 1.093 0.991 0.914 0.816 0.98 1.097 1.074 1.041 1.053 1.063 0.733
0.866 0.7 1.313 0.925 1.033 1.093 0.991 0.914 0.816 0.98 1.097 1.074 1.041 1.053 1.063 0.927
0.513 0.7 1.313 0.925 1.033 1.093 0.991 0.914 0.816 0.98 1.097 1.074 1.041 1.053 1.063 1.018
1.164 0.7 1.313 0.925 1.033 1.093 0.991 0.914 0.816 0.98 1.097 1.074 1.041 1.053 1.063 1.329
1.137 0.7 1.313 0.925 1.033 1.093 0.991 0.914 0.816 0.98 1.097 1.074 1.041 1.053 1.063 1.073
1.062 0.7 1.313 0.925 1.033 1.093 0.991 0.914 0.816 0.98 1.097 1.074 1.041 1.053 1.063 1.194
1.115 0.7 1.313 0.925 1.033 1.093 0.991 0.914 0.816 0.98 1.097 1.074 1.041 1.053 1.063 1.078
0.917 0.7 1.313 0.925 1.033 1.093 0.991 0.914 0.816 0.98 1.097 1.074 1.041 1.053 1.063 0.954
1.3 0.7 1.313 0.925 1.033 1.093 0.991 0.914 0.816 0.98 1.097 1.074 1.041 1.053 1.063 1.467
0.964 0.7 1.313 0.925 1.033 1.093 0.991 0.914 0.816 0.98 1.097 1.074 1.041 1.053 1.063 1.047
0.754 0.7 1.313 0.925 1.033 1.093 0.991 0.914 0.816 0.98 1.097 1.074 1.041 1.053 1.063 0.866
0.914 0.7 1.313 0.925 1.033 1.093 0.991 0.914 0.816 0.98 1.097 1.074 1.041 1.053 1.063 1.039
0.812 0.7 1.313 0.925 1.033 1.093 0.991 0.914 0.816 0.98 1.097 1.074 1.041 1.053 1.063 1.236
0.695 0.7 1.313 0.925 1.033 1.093 0.991 0.914 0.816 0.98 1.097 1.074 1.041 1.053 1.063 0.778
1.175 0.7 1.313 0.925 1.033 1.093 0.991 0.914 0.816 0.98 1.097 1.074 1.041 1.053 1.063 1.212
1.019 0.7 1.313 0.925 1.033 1.093 0.991 0.914 0.816 0.98 1.097 1.074 1.041 1.053 1.063 1.081
1.43 0.7 1.313 0.925 1.033 1.093 0.991 0.914 0.816 0.98 1.097 1.074 1.041 1.053 1.063 1.379
0.926 0.7 1.313 0.925 1.033 1.093 0.991 0.914 0.816 0.98 1.097 1.074 1.041 1.053 1.063 1.028
1.162 0.7 1.313 0.925 1.033 1.093 0.991 0.914 0.816 0.98 1.097 1.074 1.041 1.053 1.063 1.126
0.652 0.7 1.313 0.925 1.033 1.093 0.991 0.914 0.816 0.98 1.097 1.074 1.041 1.053 1.063 1.051
1.194 0.7 1.313 0.925 1.033 1.093 0.991 0.914 0.816 0.98 1.097 1.074 1.041 1.053 1.063 1.311
1.282 0.7 1.313 0.925 1.033 1.093 0.991 0.914 0.816 0.98 1.097 1.074 1.041 1.053 1.063 0.694
0.924 0.7 1.313 0.925 1.033 1.093 0.991 0.914 0.816 0.98 1.097 1.074 1.041 1.053 1.063 0.621
0.498 0.7 1.313 0.925 1.033 1.093 0.991 0.914 0.816 0.98 1.097 1.074 1.041 1.053 1.063 0.807
0.72 0.7 1.313 0.925 1.033 1.093 0.991 0.914 0.816 0.98 1.097 1.074 1.041 1.053 1.063 0.728
0.994 0.7 1.313 0.925 1.033 1.093 0.991 0.914 0.816 0.98 1.097 1.074 1.041 1.053 1.063 0.738
0.911 0.7 1.313 0.925 1.033 1.093 0.991 0.914 0.816 0.98 1.097 1.074 1.041 1.053 1.063 0.899
0.638 0.7 1.313 0.925 1.033 1.093 0.991 0.914 0.816 0.98 1.097 1.074 1.041 1.053 1.063 0.625
0.985 0.7 1.313 0.925 1.033 1.093 0.991 0.914 0.816 0.98 1.097 1.074 1.041 1.053 1.063 0.713
1.11 0.7 1.313 0.925 1.033 1.093 0.991 0.914 0.816 0.98 1.097 1.074 1.041 1.053 1.063 0.887
0.744 0.7 1.313 0.925 1.033 1.093 0.991 0.914 0.816 0.98 1.097 1.074 1.041 1.053 1.063 1.182
1.082 0.7 1.313 0.925 1.033 1.093 0.991 0.914 0.816 0.98 1.097 1.074 1.041 1.053 1.063 0.83
0.949 0.7 1.313 0.925 1.033 1.093 0.991 0.914 0.816 0.98 1.097 1.074 1.041 1.053 1.063 1.302
0.543 0.7 1.313 0.925 1.033 1.093 0.991 0.914 0.816 0.98 1.097 1.074 1.041 1.053 1.063 1.255
0.969 0.7 1.313 0.925 1.033 1.093 0.991 0.914 0.816 0.98 1.097 1.074 1.041 1.053 1.063 0.807
0.958 0.7 1.313 0.925 1.033 1.093 0.991 0.914 0.816 0.98 1.097 1.074 1.041 1.053 1.063 1.173
1.207 0.7 1.313 0.925 1.033 1.093 0.991 0.914 0.816 0.98 1.097 1.074 1.041 1.053 1.063 0.97
0.686 0.7 1.313 0.925 1.033 1.093 0.991 0.914 0.816 0.98 1.097 1.074 1.041 1.053 1.063 0.747
0.652 0.7 1.313 0.925 1.033 1.093 0.991 0.914 0.816 0.98 1.097 1.074 1.041 1.053 1.063 0.863
1.045 0.7 1.313 0.925 1.033 1.093 0.991 0.914 0.816 0.98 1.097 1.074 1.041 1.053 1.063 1.294
0.962 0.7 1.313 0.925 1.033 1.093 0.991 0.914 0.816 0.98 1.097 1.074 1.041 1.053 1.063 1.464
0.72 0.7 1.313 0.925 1.033 1.093 0.991 0.914 0.816 0.98 1.097 1.074 1.041 1.053 1.063 1.174
1.31 0.7 1.313 0.925 1.033 1.093 0.991 0.914 0.816 0.98 1.097 1.074 1.041 1.053 1.063 1.207
0.645 0.7 1.313 0.925 1.033 1.093 0.991 0.914 0.816 0.98 1.097 1.074 1.041 1.053 1.063 0.908
1.129 0.7 1.313 0.925 1.033 1.093 0.991 0.914 0.816 0.98 1.097 1.074 1.041 1.053 1.063 0.82
0.536 0.7 1.313 0.925 1.033 1.093 0.991 0.914 0.816 0.98 1.097 1.074 1.041 1.053 1.063 1.252
0.815 0.7 1.313 0.925 1.033 1.093 0.991 0.914 0.816 0.98 1.097 1.074 1.041 1.053 1.063 0.867
1.161 0.7 1.313 0.925 1.033 1.093 0.991 0.914 0.816 0.98 1.097 1.074 1.041 1.053 1.063 0.572
0.726 0.7 1.313 0.925 1.033 1.093 0.991 0.914 0.816 0.98 1.097 1.074 1.041 1.053 1.063 0.735
1.106 0.7 1.313 0.925 1.033 1.093 0.991 0.914 0.816 0.98 1.097 1.074 1.041 1.053 1.063 1.214
1.231 0.7 1.313 0.925 1.033 1.093 0.991 0.914 0.816 0.98 1.097 1.074 1.041 1.053 1.063 1.095
1.099 0.7 1.313 0.925 1.033 1.093 0.991 0.914 0.816 0.98 1.097 1.074 1.041 1.053 1.063 0.988
1.258 0.7 1.313 0.925 1.033 1.093 0.991 0.914 0.816 0.98 1.097 1.074 1.041 1.053 1.063 1.3
0.49 0.7 1.313 0.925 1.033 1.093 0.991 0.914 0.816 0.98 1.097 1.074 1.041 1.053 1.063 0.685
0.812 0.7 1.313 0.925 1.033 1.093 0.991 0.914 0.816 0.98 1.097 1.074 1.041 1.053 1.063 1.157
1.567 0.7 1.313 0.925 1.033 1.093 0.991 0.914 0.816 0.98 1.097 1.074 1.041 1.053 1.063 1.26
0.534 0.7 1.313 0.925 1.033 1.093 0.991 0.914 0.816 0.98 1.097 1.074 1.041 1.053 1.063 0.711
0.997 0.7 1.313 0.925 1.033 1.093 0.991 0.914 0.816 0.98 1.097 1.074 1.041 1.053 1.063 1.502
0.782 0.7 1.313 0.925 1.033 1.093 0.991 0.914 0.816 0.98 1.097 1.074 1.041 1.053 1.063 1.606
1.107 0.7 1.313 0.925 1.033 1.093 0.991 0.914 0.816 0.98 1.097 1.074 1.041 1.053 1.063 0.793
1.214 0.7 1.313 0.925 1.033 1.093 0.991 0.914 0.816 0.98 1.097 1.074 1.041 1.053 1.063 1.128
0.724 0.7 1.313 0.925 1.033 1.093 0.991 0.914 0.816 0.98 1.097 1.074 1.041 1.053 1.063 0.697
1.115 0.7 1.313 0.925 1.033 1.093 0.991 0.914 0.816 0.98 1.097 1.074 1.041 1.053 1.063 0.996
0.859 0.7 1.313 0.925 1.033 1.093 0.991 0.914 0.816 0.98 1.097 1.074 1.041 1.053 1.063 0.933
0.562 0.7 1.313 0.925 1.033 1.093 0.991 0.914 0.816 0.98 1.097 1.074 1.041 1.053 1.063 0.952
1.292 0.7 1.313 0.925 1.033 1.093 0.991 0.914 0.816 0.98 1.097 1.074 1.041 1.053 1.063 0.829
0.771 0.7 1.313 0.925 1.033 1.093 0.991 0.914 0.816 0.98 1.097 1.074 1.041 1.053 1.063 0.871
0.854 0.7 1.313 0.925 1.033 1.093 0.991 0.914 0.816 0.98 1.097 1.074 1.041 1.053 1.063 0.855
0.984 0.7 1.313 0.925 1.033 1.093 0.991 0.914 0.816 0.98 1.097 1.074 1.041 1.053 1.063 0.802
1.096 0.7 1.313 0.925 1.033 1.093 0.991 0.914 0.816 0.98 1.097 1.074 1.041 1.053 1.063 1.305
0.976 0.7 1.313 0.925 1.033 1.093 0.991 0.914 0.816 0.98 1.097 1.074 1.041 1.053 1.063 1.348
0.714 0.7 1.313 0.925 1.033 1.093 0.991 0.914 0.816 0.98 1.097 1.074 1.041 1.053 1.063 1.016
1.029 0.7 1.313 0.925 1.033 1.093 0.991 0.914 0.816 0.98 1.097 1.074 1.041 1.053 1.063 0.819
0.798 0.7 1.313 0.925 1.033 1.093 0.991 0.914 0.816 0.98 1.097 1.074 1.041 1.053 1.063 0.706
0.759 0.7 1.313 0.925 1.033 1.093 0.991 0.914 0.816 0.98 1.097 1.074 1.041 1.053 1.063 1.164
0.797 0.7 1.313 0.925 1.033 1.093 0.991 0.914 0.816 0.98 1.097 1.074 1.041 1.053 1.063 1.255
0.913 0.7 1.313 0.925 1.033 1.093 0.991 0.914 0.816 0.98 1.097 1.074 1.041 1.053 1.063 0.636
0.713 0.7 1.313 0.925 1.033 1.093 0.991 0.914 0.816 0.98 1.097 1.074 1.041 1.053 1.063 0.907
1.039 0.7 1.313 0.925 1.033 1.093 0.991 0.914 0.816 0.98 1.097 1.074 1.041 1.053 1.063 0.935
0.678 0.7 1.313 0.925 1.033 1.093 0.991 0.914 0.816 0.98 1.097 1.074 1.041 1.053 1.063 0.749
1.115 0.7 1.313 0.925 1.033 1.093 0.991 0.914 0.816 0.98 1.097 1.074 1.041 1.053 1.063 1.147
1.106 0.7 1.313 0.925 1.033 1.093 0.991 0.914 0.816 0.98 1.097 1.074 1.041 1.053 1.063 0.599
0.768 0.7 1.313 0.925 1.033 1.093 0.991 0.914 0.816 0.98 1.097 1.074 1.041 1.053 1.063 0.728
0.683 0.7 1.313 0.925 1.033 1.093 0.991 0.914 0.816 0.98 1.097 1.074 1.041 1.053 1.063 1.017
1.046 0.7 1.313 0.925 1.033 1.093 0.991 0.914 0.816 0.98 1.097 1.074 1.041 1.053 1.063 1.089
0.747 0.7 1.313 0.925 1.033 1.093 0.991 0.914 0.816 0.98 1.097 1.074 1.041 1.053 1.063 1.289
1.015 0.7 1.313 0.925 1.033 1.093 0.991 0.914 0.816 0.98 1.097 1.074 1.041 1.053 1.063 0.898
0.768 0.7 1.313 0.925 1.033 1.093 0.991 0.914 0.816 0.98 1.097 1.074 1.041 1.053 1.063 1.529
1.264 0.7 1.313 0.925 1.033 1.093 0.991 0.914 0.816 0.98 1.097 1.074 1.041 1.053 1.063 0.802
1.096 0.7 1.313 0.925 1.033 1.093 0.991 0.914 0.816 0.98 1.097 1.074 1.041 1.053 1.063 1.109
0.928 0.7 1.313 0.925 1.033 1.093 0.991 0.914 0.816 0.98 1.097 1.074 1.041 1.053 1.063 1.213
0.671 0.7 1.313 0.925 1.033 1.093 0.991 0.914 0.816 0.98 1.097 1.074 1.041 1.053 1.063 1.165
1.264 0.7 1.313 0.925 1.033 1.093 0.991 0.914 0.816 0.98 1.097 1.074 1.041 1.053 1.063 1.112
0.932 0.7 1.313 0.925 1.033 1.093 0.991 0.914 0.816 0.98 1.097 1.074 1.041 1.053 1.063 1.112
1.078 0.7 1.313 0.925 1.033 1.093 0.991 0.914 0.816 0.98 1.097 1.074 1.041 1.053 1.063 0.854
0.662 0.7 1.313 0.925 1.033 1.093 0.991 0.914 0.816 0.98 1.097 1.074 1.041 1.053 1.063 1.01
1.221 0.7 1.313 0.925 1.033 1.093 0.991 0.914 0.816 0.98 1.097 1.074 1.041 1.053 1.063 1.205
0.607 0.7 1.313 0.925 1.033 1.093 0.991 0.914 0.816 0.98 1.097 1.074 1.041 1.053 1.063 0.755
0.858 0.7 1.313 0.925 1.033 1.093 0.991 0.914 0.816 0.98 1.097 1.074 1.041 1.053 1.063 1.083
0.734 0.7 1.313 0.925 1.033 1.093 0.991 0.914 0.816 0.98 1.097 1.074 1.041 1.053 1.063 0.495
0.709 0.7 1.313 0.925 1.033 1.093 0.991 0.914 0.816 0.98 1.097 1.074 1.041 1.053 1.063 1.137
1.239 0.7 1.313 0.925 1.033 1.093 0.991 0.914 0.816 0.98 1.097 1.074 1.041 1.053 1.063 0.928
1.439 0.7 1.313 0.925 1.033 1.093 0.991 0.914 0.816 0.98 1.097 1.074 1.041 1.053 1.063 1.552
0.779 0.7 1.313 0.925 1.033 1.093 0.991 0.914 0.816 0.98 1.097 1.074 1.041 1.053 1.063 1.246
0.663 0.7 1.313 0.925 1.033 1.093 0.991 0.914 0.816 0.98 1.097 1.074 1.041 1.053 1.063 1.259
0.673 0.7 1.313 0.925 1.033 1.093 0.991 0.914 0.816 0.98 1.097 1.074 1.041 1.053 1.063 1.144
0.985 0.7 1.313 0.925 1.033 1.093 0.991 0.914 0.816 0.98 1.097 1.074 1.041 1.053 1.063 1.161
1.166 0.7 1.313 0.925 1.033 1.093 0.991 0.914 0.816 0.98 1.097 1.074 1.041 1.053 1.063 1.021
1.099 0.7 1.313 0.925 1.033 1.093 0.991 0.914 0.816 0.98 1.097 1.074 1.041 1.053 1.063 0.771
1.303 0.7 1.313 0.925 1.033 1.093 0.991 0.914 0.816 0.98 1.097 1.074 1.041 1.053 1.063 1.057
1.309 0.7 1.313 0.925 1.033 1.093 0.991 0.914 0.816 0.98 1.097 1.074 1.041 1.053 1.063 1.497
1.208 0.7 1.313 0.925 1.033 1.093 0.991 0.914 0.816 0.98 1.097 1.074 1.041 1.053 1.063 0.967
0.778 0.7 1.313 0.925 1.033 1.093 0.991 0.914 0.816 0.98 1.097 1.074 1.041 1.053 1.063 0.875
1.198 0.7 1.313 0.925 1.033 1.093 0.991 0.914 0.816 0.98 1.097 1.074 1.041 1.053 1.063 1.337
0.428 0.7 1.313 0.925 1.033 1.093 0.991 0.914 0.816 0.98 1.097 1.074 1.041 1.053 1.063 1.193
0.825 0.7 1.313 0.925 1.033 1.093 0.991 0.914 0.816 0.98 1.097 1.074 1.041 1.053 1.063 0.801
0.743 0.7 1.313 0.925 1.033 1.093 0.991 0.914 0.816 0.98 1.097 1.074 1.041 1.053 1.063 0.786
0.758 0.7 1.313 0.925 1.033 1.093 0.991 0.914 0.816 0.98 1.097 1.074 1.041 1.053 1.063 1.206
1.268 0.7 1.313 0.925 1.033 1.093 0.991 0.914 0.816 0.98 1.097 1.074 1.041 1.053 1.063 1.172
1.241 0.7 1.313 0.925 1.033 1.093 0.991 0.914 0.816 0.98 1.097 1.074 1.041 1.053 1.063 1.034
0.885 0.7 1.313 0.925 1.033 1.093 0.991 0.914 0.816 0.98 1.097 1.074 1.041 1.053 1.063 1.336
1.149 0.7 1.313 0.925 1.033 1.093 0.991 0.914 0.816 0.98 1.097 1.074 1.041 1.053 1.063 0.867
0.84 0.7 1.313 0.925 1.033 1.093 0.991 0.914 0.816 0.98 1.097 1.074 1.041 1.053 1.063 1.118
0.988 0.7 1.313 0.925 1.033 1.093 0.991 0.914 0.816 0.98 1.097 1.074 1.041 1.053 1.063 1.322
1.524 0.7 1.313 0.925 1.033 1.093 0.991 0.914 0.816 0.98 1.097 1.074 1.041 1.053 1.063 1.409
0.92 0.7 1.313 0.925 1.033 1.093 0.991 0.914 0.816 0.98 1.097 1.074 1.041 1.053 1.063 1.224
1.023 0.7 1.313 0.925 1.033 1.093 0.991 0.914 0.816 0.98 1.097 1.074 1.041 1.053 1.063 1.099
0.817 0.7 1.313 0.925 1.033 1.093 0.991 0.914 0.816 0.98 1.097 1.074 1.041 1.053 1.063 1.132
0.841 0.7 1.313 0.925 1.033 1.093 0.991 0.914 0.816 0.98 1.097 1.074 1.041 1.053 1.063 0.795
0.535 0.7 1.313 0.925 1.033 1.093 0.991 0.914 0.816 0.98 1.097 1.074 1.041 1.053 1.063 0.963
1.035 0.7 1.313 0.925 1.033 1.093 0.991 0.914 0.816 0.98 1.097 1.074 1.041 1.053 1.063 1.315
0.869 0.7 1.313 0.925 1.033 1.093 0.991 0.914 0.816 0.98 1.097 1.074 1.041 1.053 1.063 1.165
1.305 0.7 1.313 0.925 1.033 1.093 0.991 0.914 0.816 0.98 1.097 1.074 1.041 1.053 1.063 1.128
1.268 0.7 1.313 0.925 1.033 1.093 0.991 0.914 0.816 0.98 1.097 1.074 1.041 1.053 1.063 0.922
0.785 0.7 1.313 0.925 1.033 1.093 0.991 0.914 0.816 0.98 1.097 1.074 1.041 1.053 1.063 0.938
1.114 0.7 1.313 0.925 1.033 1.093 0.991 0.914 0.816 0.98 1.097 1.074 1.041 1.053 1.063 1.065
0.711 0.7 1.313 0.925 1.033 1.093 0.991 0.914 0.816 0.98 1.097 1.074 1.041 1.053 1.063 0.969
0.659 0.7 1.313 0.925 1.033 1.093 0.991 0.914 0.816 0.98 1.097 1.074 1.041 1.053 1.063 0.903
1.407 0.7 1.313 0.925 1.033 1.093 0.991 0.914 0.816 0.98 1.097 1.074 1.041 1.053 1.063 0.936
1.22 0.7 1.313 0.925 1.033 1.093 0.991 0.914 0.816 0.98 1.097 1.074 1.041 1.053 1.063 0.721
1.296 0.7 1.313 0.925 1.033 1.093 0.991 0.914 0.816 0.98 1.097 1.074 1.041 1.053 1.063 0.97
1.011 0.7 1.313 0.925 1.033 1.093 0.991 0.914 0.816 0.98 1.097 1.074 1.041 1.053 1.063 1.212
1.405 0.7 1.313 0.925 1.033 1.093 0.991 0.914 0.816 0.98 1.097 1.074 1.041 1.053 1.063 0.804
0.894 0.7 1.313 0.925 1.033 1.093 0.991 0.914 0.816 0.98 1.097 1.074 1.041 1.053 1.063 0.981
1.076 0.7 1.313 0.925 1.033 1.093 0.991 0.914 0.816 0.98 1.097 1.074 1.041 1.053 1.063 1.293
1.127 0.7 1.313 0.925 1.033 1.093 0.991 0.914 0.816 0.98 1.097 1.074 1.041 1.053 1.063 1.037
1.09 0.7 1.313 0.925 1.033 1.093 0.991 0.914 0.816 0.98 1.097 1.074 1.041 1.053 1.063 1.382
1.036 0.7 1.313 0.925 1.033 1.093 0.991 0.914 0.816 0.98 1.097 1.074 1.041 1.053 1.063 1.193
0.724 0.7 1.313 0.925 1.033 1.093 0.991 0.914 0.816 0.98 1.097 1.074 1.041 1.053 1.063 1.272
0.585 0.7 1.313 0.925 1.033 1.093 0.991 0.914 0.816 0.98 1.097 1.074 1.041 1.053 1.063 0.686
0.805 0.7 1.313 0.925 1.033 1.093 0.991 0.914 0.816 0.98 1.097 1.074 1.041 1.053 1.063 1.116
1.049 0.7 1.313 0.925 1.033 1.093 0.991 0.914 0.816 0.98 1.097 1.074 1.041 1.053 1.063 1.455
1.201 0.7 1.313 0.925 1.033 1.093 0.991 0.914 0.816 0.98 1.097 1.074 1.041 1.053 1.063 1.061
1.189 0.7 1.313 0.925 1.033 1.093 0.991 0.914 0.816 0.98 1.097 1.074 1.041 1.053 1.063 0.726
0.919 0.7 1.313 0.925 1.033 1.093 0.991 0.914 0.816 0.98 1.097 1.074 1.041 1.053 1.063 1.13
1.103 0.7 1.313 0.925 1.033 1.093 0.991 0.914 0.816 0.98 1.097 1.074 1.041 1.053 1.063 1.575
1.16 0.7 1.313 0.925 1.033 1.093 0.991 0.914 0.816 0.98 1.097 1.074 1.041 1.053 1.063 0.768
1.151 0.7 1.313 0.925 1.033 1.093 0.991 0.914 0.816 0.98 1.097 1.074 1.041 1.053 1.063 1.222
1.092 0.7 1.313 0.925 1.033 1.093 0.991 0.914 0.816 0.98 1.097 1.074 1.041 1.053 1.063 0.855
0.801 0.7 1.313 0.925 1.033 1.093 0.991 0.914 0.816 0.98 1.097 1.074 1.041 1.053 1.063 0.903
0.536 0.7 1.313 0.925 1.033 1.093 0.991 0.914 0.816 0.98 1.097 1.074 1.041 1.053 1.063 1.007
1.147 0.7 1.313 0.925 1.033 1.093 0.991 0.914 0.816 0.98 1.097 1.074 1.041 1.053 1.063 0.957
0.776 0.7 1.313 0.925 1.033 1.093 0.991 0.914 0.816 0.98 1.097 1.074 1.041 1.053 1.063 0.779
0.995 0.7 1.313 0.925 1.033 1.093 0.991 0.914 0.816 0.98 1.097 1.074 1.041 1.053 1.063 1.051
0.696 0.7 1.313 0.925 1.033 1.093 0.991 0.914 0.816 0.98 1.097 1.074 1.041 1.053 1.063 0.914
0.913 0.7 1.313 0.925 1.033 1.093 0.991 0.914 0.816 0.98 1.097 1.074 1.041 1.053 1.063 1.504
0.636 0.7 1.313 0.925 1.033 1.093 0.991 0.914 0.816 0.98 1.097 1.074 1.041 1.053 1.063 1.625
0.548 0.7 1.313 0.925 1.033 1.093 0.991 0.914 0.816 0.98 1.097 1.074 1.041 1.053 1.063 0.735
1.556 0.7 1.313 0.925 1.033 1.093 0.991 0.914 0.816 0.98 1.097 1.074 1.041 1.053 1.063 1.312
1.134 0.7 1.313 0.925 1.033 1.093 0.991 0.914 0.816 0.98 1.097 1.074 1.041 1.053 1.063 0.725
0.622 0.7 1.313 0.925 1.033 1.093 0.991 0.914 0.816 0.98 1.097 1.074 1.041 1.053 1.063 0.908
0.528 0.7 1.313 0.925 1.033 1.093 0.991 0.914 0.816 0.98 1.097 1.074 1.041 1.053 1.063 1.003
0.733 0.7 1.313 0.925 1.033 1.093 0.991 0.914 0.816 0.98 1.097 1.074 1.041 1.053 1.063 1.247
