1.052
0.999
1.019
1.063
1.056
1.000
1.066
1.060
0.956
1.016
0.983
1.062
1.056
1.049
0.990
0.994
1.006
1.030
1.009
0.976
1.059
1.025
1.043
0.991
0.995
1.082
1.087
1.022
1.076
1.059
1.052
1.031
1.084
1.012
0.969
1.014
1.023
1.032
1.111
0.984
1.032
1.047
1.032
1.017
0.968
1.061
1.024
0.983
1.002
1.012
0.983
1.003
1.075
1.025
1.056
1.050
0.963
1.006
1.055
0.986
0.955
1.011
1.002
1.062
1.069
1.056
1.067
1.046
1.030
1.072
0.958
1.045
1.036
1.060
0.986
0.976
0.984
0.998
1.069
1.029
1.097
1.020
0.995
1.044
1.061
1.036
1.004
1.070
1.039
0.993
1.054
0.984
1.097
1.109
1.082
0.985
1.021
0.987
1.029
0.991
1.026
1.049
0.983
0.955
0.979
1.004
1.057
1.054
1.082
1.000
1.023
1.057
0.977
0.971
0.952
1.001
1.026
1.041
1.001
1.059
1.115
1.075
1.053
1.034
1.032
1.072
1.044
0.993
1.080
1.016
1.054
1.052
1.027
0.983
0.996
1.055
1.037
1.036
0.959
1.049
1.027
1.081
0.962
1.057
0.978
0.954
1.002
1.018
1.016
1.011
0.957
1.020
1.021
1.051
1.043
1.067
0.958
1.059
1.030
0.985
1.007
0.976
0.998
1.031
1.105
1.020
1.042
1.060
0.959
1.102
1.034
1.089
0.983
1.069
1.037
1.027
0.965
1.012
1.005
1.001
1.049
1.017
1.034
1.022
1.086
1.102
1.060
1.062
1.045
1.042
0.964
1.035
0.971
0.996
1.024
1.060
1.028
0.989
1.091
1.029
1.038
1.024
1.008
1.044
1.037
1.028
0.987
1.021
0.958
0.996
1.002
0.991
0.977
1.025
1.007
1.105
0.967
1.110
0.976
0.970
0.985
1.059
1.036
1.054
0.943
0.998
0.968
0.980
1.003
1.079
1.015
1.003
1.022
1.057
1.093
1.037
1.031
1.038
0.989
1.013
1.009
1.034
0.956
1.060
1.049
0.958
0.988
0.958
1.064
1.001
1.023
0.993
0.984
1.077
1.063
0.999
1.012
1.088
1.007
1.063
1.001
1.015
1.034
0.990
1.015
1.054
1.086
0.984
1.027
1.058
0.991
1.050
0.972
1.041
1.024
1.021
0.953
1.023
1.067
0.986
1.060
0.958
1.040
0.994
0.972
0.969
1.029
1.004
0.981
0.963
1.062
0.993
1.049
1.056
1.012
1.034
1.059
0.977
0.992
1.055
1.079
1.061
1.070
1.022
0.967
0.972
1.010
1.021
1.040
1.045
1.027
1.031
1.010
0.976
1.060
0.967
1.079
1.116
1.050
1.022
0.951
0.961
0.988
0.996
1.114
1.105
1.109
1.021
1.062
1.058
1.051
1.036
0.984
0.941
0.980
0.981
0.997
1.075
0.984
1.092
0.982
0.985
0.990
0.984
1.066
1.011
0.978
0.997
1.011
1.079
1.067
1.060
1.036
0.967
1.031
0.983
0.967
1.007
0.988
1.029
1.056
1.107
1.050
0.992
0.968
0.998
1.116
1.008
0.989
1.037
0.968
1.056
1.034
1.113
0.973
0.989
0.957
1.003
1.024
1.075
1.040
0.966
0.972
1.015
1.077
1.070
1.024
1.061
0.966
1.016
1.021
1.064
0.996
0.957
1.039
1.005
0.987
1.095
1.030
1.028
0.981
0.988
0.968
0.947
1.079
1.038
1.027
1.068
1.056
1.038
1.032
1.003
1.058
1.068
1.001
0.976
0.982
1.025
1.041
1.003
0.989
1.054
1.101
0.996
1.036
1.068
1.024
0.993
1.046
1.067
1.024
1.029
1.013
1.064
0.960
1.007
1.074
1.005
1.017
0.993
0.952
0.996
0.966
0.960
1.049
0.997
1.107
0.984
1.061
0.995
1.054
1.025
1.010
1.064
1.030
0.994
0.946
1.049
1.016
1.026
1.032
1.011
0.974
1.067
1.056
1.066
0.986
1.089
1.057
1.034
1.003
1.012
0.968
1.007
1.019
1.100
1.056
1.052
1.046
1.051
0.963
1.006
1.085
0.981
1.012
0.967
1.045
0.980
0.958
1.115
1.066
1.073
0.974
1.001
0.992
1.046
0.994
0.965
1.029
1.005
1.053
1.036
1.019
1.055
0.987
1.038
1.012
1.063
1.028
1.009
1.003
1.048
1.004
1.069
1.076
0.967
1.063
1.071
1.112
0.980
1.008
0.978
1.058
1.007
0.974
0.974
1.003
1.064
1.053
0.983
0.968
1.050
0.959
1.064
1.000
1.031
1.044
0.984
1.006
0.986
1.009
0.964
1.043
0.978
0.980
1.108
0.990
1.000
1.027
0.954
1.034
0.952
1.063
1.008
0.974
1.015
0.974
1.088
1.039
1.065
0.964
0.992
1.020
0.962
1.010
0.951
1.066
1.027
0.959
1.013
0.988
1.057
0.983
1.052
1.034
1.056
1.077
0.999
1.046
0.986
1.034
1.075
1.093
0.958
1.019
1.029
1.001
1.026
1.004
1.072
1.007
0.953
1.015
1.047
0.990
1.050
0.969
0.996
1.080
1.061
1.065
0.991
0.980
1.061
1.033
1.075
0.958
1.050
1.014
1.074
1.048
0.981
1.043
1.033
1.111
1.095
1.023
1.033
1.018
0.996
1.045
1.051
1.060
1.044
0.960
0.990
0.975
0.970
1.090
1.023
1.056
0.955
1.051
0.999
1.058
1.077
1.006
1.027
0.994
1.046
1.041
1.067
1.080
1.016
1.037
1.016
1.051
1.061
1.076
0.981
0.999
1.021
1.017
0.977
0.989
0.975
0.999
1.061
0.967
0.955
1.007
1.025
1.086
1.059
0.984
0.959
1.078
1.062
1.070
1.008
0.986
0.979
1.077
0.967
1.018
1.022
1.006
1.061
1.044
0.995
1.049
1.112
1.072
0.978
0.968
0.985
1.025
1.097
1.094
0.993
0.945
1.027
1.023
1.060
1.103
1.016
1.031
1.055
0.961
1.014
0.964
1.037
1.061
1.011
1.037
0.958
0.981
0.979
1.053
0.994
0.998
1.069
1.052
1.032
0.953
1.071
1.018
1.040
1.003
1.028
1.009
1.071
1.031
1.036
0.971
1.015
1.046
0.960
1.065
1.038
0.984
1.071
0.973
0.968
1.081
0.964
1.030
1.051
1.032
1.046
1.043
0.993
0.971
1.008
0.973
1.044
0.960
1.032
0.968
1.043
1.013
0.993
0.994
1.054
1.053
1.015
1.057
1.032
0.990
0.994
1.000
1.042
1.028
0.982
1.031
1.012
1.086
0.986
0.958
0.985
1.075
1.050
0.995
1.037
1.018
1.025
0.998
0.964
1.067
1.069
1.013
1.040
0.971
1.008
0.980
1.002
1.041
1.087
1.045
1.015
1.012
1.017
1.010
1.048
1.032
0.998
1.010
0.996
1.019
0.988
1.044
1.088
1.074
1.064
1.050
0.969
0.983
0.961
0.990
1.048
0.993
0.978
0.967
1.031
0.959
1.037
0.963
0.952
1.072
1.073
1.059
1.018
0.990
1.053
1.053
0.985
1.037
1.016
0.979
0.959
1.036
0.961
1.048
1.047
1.001
1.087
1.023
0.969
0.991
1.032
1.010
1.044
1.057
1.047
0.954
1.058
1.048
1.028
1.049
1.046
0.974
0.945
1.033
1.021
1.064
1.048
1.069
1.035
1.014
1.032
0.997
1.001
0.971
0.982
1.052
0.988
1.029
1.074
1.019
1.042
0.981
1.002
0.999
1.015
1.071
1.003
1.074
1.011
1.027
1.051
1.033
1.032
0.994
1.066
1.093
1.112
1.016
0.978
1.027
1.059
0.946
0.999
1.040
1.035
1.024
0.987
1.029
1.069
1.014
1.006
0.966
1.029
1.060
1.039
0.963
0.990
1.049
1.015
1.058
0.974
0.986
0.981
1.028
1.013
1.104
0.973
1.078
1.035
1.063
1.069
0.987
1.022
1.039
1.040
0.981
0.977
1.088
0.994
0.998
1.104
1.053
1.041
1.006
0.987
1.008
1.019
0.962
1.089
0.981
1.043
1.068
1.060
0.978
0.973
1.032
0.989
1.004
1.061
0.986
1.022
1.070
1.067
1.007
1.030
1.034
1.004
0.988
1.053
1.030
1.007
0.972
0.975
0.967
1.024
1.021
1.004
0.977
0.990
1.013
0.997
1.046
1.046
0.966
1.085
0.980
1.062
1.064
1.033
1.084
1.028
1.018
0.999
1.107
1.043
1.020
0.998
0.988
1.003
0.970
1.026
0.960
1.023
1.086
1.115
1.010
1.050
1.014
0.986
1.064
1.067
