0.939 1.696 1.407 1.174 0.963 0.817 1.702 0.651 0.648 1.484 0.874 1.468 1.417 1.386 1.494 1.58
1.927 1.696 1.407 1.174 0.963 0.817 1.702 0.651 0.648 1.484 0.874 1.468 1.417 1.386 1.494 1.566
1.583 1.696 1.407 1.174 0.963 0.817 1.702 0.651 0.648 1.484 0.874 1.468 1.417 1.386 1.494 1.237
1.183 1.696 1.407 1.174 0.963 0.817 1.702 0.651 0.648 1.484 0.874 1.468 1.417 1.386 1.494 1.408
0.926 1.696 1.407 1.174 0.963 0.817 1.702 0.651 0.648 1.484 0.874 1.468 1.417 1.386 1.494 0.788
1.339 1.696 1.407 1.174 0.963 0.817 1.702 0.651 0.648 1.484 0.874 1.468 1.417 1.386 1.494 1.548
1.163 1.696 1.407 1.174 0.963 0.817 1.702 0.651 0.648 1.484 0.874 1.468 1.417 1.386 1.494 1.268
1.585 1.696 1.407 1.174 0.963 0.817 1.702 0.651 0.648 1.484 0.874 1.468 1.417 1.386 1.494 0.532
1.55 1.696 1.407 1.174 0.963 0.817 1.702 0.651 0.648 1.484 0.874 1.468 1.417 1.386 1.494 1.193
1.124 1.696 1.407 1.174 0.963 0.817 1.702 0.651 0.648 1.484 0.874 1.468 1.417 1.386 1.494 0.843
1.396 1.696 1.407 1.174 0.963 0.817 1.702 0.651 0.648 1.484 0.874 1.468 1.417 1.386 1.494 0.957
1.01 1.696 1.407 1.174 0.963 0.817 1.702 0.651 0.648 1.484 0.874 1.468 1.417 1.386 1.494 0.623
1.609 1.696 1.407 1.174 0.963 0.817 1.702 0.651 0.648 1.484 0.874 1.468 1.417 1.386 1.494 1.134
1.982 1.696 1.407 1.174 0.963 0.817 1.702 0.651 0.648 1.484 0.874 1.468 1.417 1.386 1.494 0.787
1.892 1.696 1.407 1.174 0.963 0.817 1.702 0.651 0.648 1.484 0.874 1.468 1.417 1.386 1.494 1.778
1.766 1.696 1.407 1.174 0.963 0.817 1.702 0.651 0.648 1.484 0.874 1.468 1.417 1.386 1.494 1.512
1.492 1.696 1.407 1.174 0.963 0.817 1.702 0.651 0.648 1.484 0.874 1.468 1.417 1.386 1.494 1.596
0.925 1.696 1.407 1.174 0.963 0.817 1.702 0.651 0.648 1.484 0.874 1.468 1.417 1.386 1.494 0.707
1.74 1.696 1.407 1.174 0.963 0.817 1.702 0.651 0.648 1.484 0.874 1.468 1.417 1.386 1.494 1.322
0.551 1.696 1.407 1.174 0.963 0.817 1.702 0.651 0.648 1.484 0.874 1.468 1.417 1.386 1.494 0.853
1.483 1.696 1.407 1.174 0.963 0.817 1.702 0.651 0.648 1.484 0.874 1.468 1.417 1.386 1.494 0.948
0.742 1.696 1.407 1.174 0.963 0.817 1.702 0.651 0.648 1.484 0.874 1.468 1.417 1.386 1.494 1.382
1.904 1.696 1.407 1.174 0.963 0.817 1.702 0.651 0.648 1.484 0.874 1.468 1.417 1.386 1.494 1.629
1.511 1.696 1.407 1.174 0.963 0.817 1.702 0.651 0.648 1.484 0.874 1.468 1.417 1.386 1.494 1.717
0.702 1.696 1.407 1.174 0.963 0.817 1.702 0.651 0.648 1.484 0.874 1.468 1.417 1.386 1.494 1.498
1.65 1.696 1.407 1.174 0.963 0.817 1.702 0.651 0.648 1.484 0.874 1.468 1.417 1.386 1.494 1.142
1.204 1.696 1.407 1.174 0.963 0.817 1.702 0.651 0.648 1.484 0.874 1.468 1.417 1.386 1.494 1.464
0.653 1.696 1.407 1.174 0.963 0.817 1.702 0.651 0.648 1.484 0.874 1.468 1.417 1.386 1.494 1.676
1.273 1.696 1.407 1.174 0.963 0.817 1.702 0.651 0.648 1.484 0.874 1.468 1.417 1.386 1.494 1.262
1.004 1.696 1.407 1.174 0.963 0.817 1.702 0.651 0.648 1.484 0.874 1.468 1.417 1.386 1.494 1.235
1.545 1.696 1.407 1.174 0.963 0.817 1.702 0.651 0.648 1.484 0.874 1.468 1.417 1.386 1.494 1.637
1.914 1.696 1.407 1.174 0.963 0.817 1.702 0.651 0.648 1.484 0.874 1.468 1.417 1.386 1.494 1.401
1.264 1.696 1.407 1.174 0.963 0.817 1.702 0.651 0.648 1.484 0.874 1.468 1.417 1.386 1.494 0.717
0.574 1.696 1.407 1.174 0.963 0.817 1.702 0.651 0.648 1.484 0.874 1.468 1.417 1.386 1.494 1.66
1.198 1.696 1.407 1.174 0.963 0.817 1.702 0.651 0.648 1.484 0.874 1.468 1.417 1.386 1.494 1.381
1.802 1.696 1.407 1.174 0.963 0.817 1.702 0.651 0.648 1.484 0.874 1.468 1.417 1.386 1.494 1.149
1.57 1.696 1.407 1.174 0.963 0.817 1.702 0.651 0.648 1.484 0.874 1.468 1.417 1.386 1.494 1.06
1.435 1.696 1.407 1.174 0.963 0.817 1.702 0.651 0.648 1.484 0.874 1.468 1.417 1.386 1.494 1.413
1.263 1.696 1.407 1.174 0.963 0.817 1.702 0.651 0.648 1.484 0.874 1.468 1.417 1.386 1.494 1.878
1.413 1.696 1.407 1.174 0.963 0.817 1.702 0.651 0.648 1.484 0.874 1.468 1.417 1.386 1.494 1.447
0.539 1.696 1.407 1.174 0.963 0.817 1.702 0.651 0.648 1.484 0.874 1.468 1.417 1.386 1.494 1.952
0.642 1.696 1.407 1.174 0.963 0.817 1.702 0.651 0.648 1.484 0.874 1.468 1.417 1.386 1.494 1.309
1.503 1.696 1.407 1.174 0.963 0.817 1.702 0.651 0.648 1.484 0.874 1.468 1.417 1.386 1.494 0.653
0.89 1.696 1.407 1.174 0.963 0.817 1.702 0.651 0.648 1.484 0.874 1.468 1.417 1.386 1.494 1.207
1.196 1.696 1.407 1.174 0.963 0.817 1.702 0.651 0.648 1.484 0.874 1.468 1.417 1.386 1.494 1.501
1.369 1.696 1.407 1.174 0.963 0.817 1.702 0.651 0.648 1.484 0.874 1.468 1.417 1.386 1.494 0.768
1.693 1.696 1.407 1.174 0.963 0.817 1.702 0.651 0.648 1.484 0.874 1.468 1.417 1.386 1.494 1.537
0.703 1.696 1.407 1.174 0.963 0.817 1.702 0.651 0.648 1.484 0.874 1.468 1.417 1.386 1.494 1.882
1.51 1.696 1.407 1.174 0.963 0.817 1.702 0.651 0.648 1.484 0.874 1.468 1.417 1.386 1.494 0.919
1.419 1.696 1.407 1.174 0.963 0.817 1.702 0.651 0.648 1.484 0.874 1.468 1.417 1.386 1.494 0.893
1.644 1.696 1.407 1.174 0.963 0.817 1.702 0.651 0.648 1.484 0.874 1.468 1.417 1.386 1.494 1.145
1.411 1.696 1.407 1.174 0.963 0.817 1.702 0.651 0.648 1.484 0.874 1.468 1.417 1.386 1.494 0.979
0.736 1.696 1.407 1.174 0.963 0.817 1.702 0.651 0.648 1.484 0.874 1.468 1.417 1.386 1.494 1.422
1.74 1.696 1.407 1.174 0.963 0.817 1.702 0.651 0.648 1.484 0.874 1.468 1.417 1.386 1.494 0.792
1.414 1.696 1.407 1.174 0.963 0.817 1.702 0.651 0.648 1.484 0.874 1.468 1.417 1.386 1.494 0.855
1.009 1.696 1.407 1.174 0.963 0.817 1.702 0.651 0.648 1.484 0.874 1.468 1.417 1.386 1.494 1.744
0.516 1.696 1.407 1.174 0.963 0.817 1.702 0.651 0.648 1.484 0.874 1.468 1.417 1.386 1.494 1.549
1.567 1.696 1.407 1.174 0.963 0.817 1.702 0.651 0.648 1.484 0.874 1.468 1.417 1.386 1.494 0.783
1.67 1.696 1.407 1.174 0.963 0.817 1.702 0.651 0.648 1.484 0.874 1.468 1.417 1.386 1.494 1.39
0.531 1.696 1.407 1.174 0.963 0.817 1.702 0.651 0.648 1.484 0.874 1.468 1.417 1.386 1.494 1.437
0.739 1.696 1.407 1.174 0.963 0.817 1.702 0.651 0.648 1.484 0.874 1.468 1.417 1.386 1.494 1.262
0.883 1.696 1.407 1.174 0.963 0.817 1.702 0.651 0.648 1.484 0.874 1.468 1.417 1.386 1.494 0.961
1.472 1.696 1.407 1.174 0.963 0.817 1.702 0.651 0.648 1.484 0.874 1.468 1.417 1.386 1.494 1.237
1.29 1.696 1.407 1.174 0.963 0.817 1.702 0.651 0.648 1.484 0.874 1.468 1.417 1.386 1.494 0.724
1.622 1.696 1.407 1.174 0.963 0.817 1.702 0.651 0.648 1.484 0.874 1.468 1.417 1.386 1.494 1.407
1.72 1.696 1.407 1.174 0.963 0.817 1.702 0.651 0.648 1.484 0.874 1.468 1.417 1.386 1.494 1.217
0.721 1.696 1.407 1.174 0.963 0.817 1.702 0.651 0.648 1.484 0.874 1.468 1.417 1.386 1.494 1.698
1.149 1.696 1.407 1.174 0.963 0.817 1.702 0.651 0.648 1.484 0.874 1.468 1.417 1.386 1.494 0.864
1.585 1.696 1.407 1.174 0.963 0.817 1.702 0.651 0.648 1.484 0.874 1.468 1.417 1.386 1.494 1.455
1.103 1.696 1.407 1.174 0.963 0.817 1.702 0.651 0.648 1.484 0.874 1.468 1.417 1.386 1.494 1.318
0.675 1.696 1.407 1.174 0.963 0.817 1.702 0.651 0.648 1.484 0.874 1.468 1.417 1.386 1.494 1.733
1.476 1.696 1.407 1.174 0.963 0.817 1.702 0.651 0.648 1.484 0.874 1.468 1.417 1.386 1.494 1.396
0.637 1.696 1.407 1.174 0.963 0.817 1.702 0.651 0.648 1.484 0.874 1.468 1.417 1.386 1.494 1.569
1.293 1.696 1.407 1.174 0.963 0.817 1.702 0.651 0.648 1.484 0.874 1.468 1.417 1.386 1.494 0.968
0.581 1.696 1.407 1.174 0.963 0.817 1.702 0.651 0.648 1.484 0.874 1.468 1.417 1.386 1.494 1.589
0.925 1.696 1.407 1.174 0.963 0.817 1.702 0.651 0.648 1.484 0.874 1.468 1.417 1.386 1.494 0.876
0.762 1.696 1.407 1.174 0.963 0.817 1.702 0.651 0.648 1.484 0.874 1.468 1.417 1.386 1.494 0.577
0.959 1.696 1.407 1.174 0.963 0.817 1.702 0.651 0.648 1.484 0.874 1.468 1.417 1.386 1.494 0.792
0.981 1.696 1.407 1.174 0.963 0.817 1.702 0.651 0.648 1.484 0.874 1.468 1.417 1.386 1.494 1.267
1.479 1.696 1.407 1.174 0.963 0.817 1.702 0.651 0.648 1.484 0.874 1.468 1.417 1.386 1.494 1.536
1.099 1.696 1.407 1.174 0.963 0.817 1.702 0.651 0.648 1.484 0.874 1.468 1.417 1.386 1.494 1.607
1.393 1.696 1.407 1.174 0.963 0.817 1.702 0.651 0.648 1.484 0.874 1.468 1.417 1.386 1.494 1.549
0.865 1.696 1.407 1.174 0.963 0.817 1.702 0.651 0.648 1.484 0.874 1.468 1.417 1.386 1.494 1.173
1.929 1.696 1.407 1.174 0.963 0.817 1.702 0.651 0.648 1.484 0.874 1.468 1.417 1.386 1.494 1.499
2.03 1.696 1.407 1.174 0.963 0.817 1.702 0.651 0.648 1.484 0.874 1.468 1.417 1.386 1.494 1.898
1.809 1.696 1.407 1.174 0.963 0.817 1.702 0.651 0.648 1.484 0.874 1.468 1.417 1.386 1.494 1.932
1.683 1.696 1.407 1.174 0.963 0.817 1.702 0.651 0.648 1.484 0.874 1.468 1.417 1.386 1.494 1.28
1.075 1.696 1.407 1.174 0.963 0.817 1.702 0.651 0.648 1.484 0.874 1.468 1.417 1.386 1.494 1.769
1.836 1.696 1.407 1.174 0.963 0.817 1.702 0.651 0.648 1.484 0.874 1.468 1.417 1.386 1.494 1.818
1.692 1.696 1.407 1.174 0.963 0.817 1.702 0.651 0.648 1.484 0.874 1.468 1.417 1.386 1.494 0.762
1.773 1.696 1.407 1.174 0.963 0.817 1.702 0.651 0.648 1.484 0.874 1.468 1.417 1.386 1.494 1.353
0.672 1.696 1.407 1.174 0.963 0.817 1.702 0.651 0.648 1.484 0.874 1.468 1.417 1.386 1.494 1.727
1.473 1.696 1.407 1.174 0.963 0.817 1.702 0.651 0.648 1.484 0.874 1.468 1.417 1.386 1.494 0.796
1.329 1.696 1.407 1.174 0.963 0.817 1.702 0.651 0.648 1.484 0.874 1.468 1.417 1.386 1.494 1.421
1.173 1.696 1.407 1.174 0.963 0.817 1.702 0.651 0.648 1.484 0.874 1.468 1.417 1.386 1.494 0.862
1.963 1.696 1.407 1.174 0.963 0.817 1.702 0.651 0.648 1.484 0.874 1.468 1.417 1.386 1.494 1.488
1.452 1.696 1.407 1.174 0.963 0.817 1.702 0.651 0.648 1.484 0.874 1.468 1.417 1.386 1.494 0.918
1.524 1.696 1.407 1.174 0.963 0.817 1.702 0.651 0.648 1.484 0.874 1.468 1.417 1.386 1.494 0.564
1.722 1.696 1.407 1.174 0.963 0.817 1.702 0.651 0.648 1.484 0.874 1.468 1.417 1.386 1.494 1.413
0.855 1.696 1.407 1.174 0.963 0.817 1.702 0.651 0.648 1.484 0.874 1.468 1.417 1.386 1.494 1.565
0.59 1.696 1.407 1.174 0.963 0.817 1.702 0.651 0.648 1.484 0.874 1.468 1.417 1.386 1.494 1.884
1.373 1.696 1.407 1.174 0.963 0.817 1.702 0.651 0.648 1.484 0.874 1.468 1.417 1.386 1.494 0.995
1.349 1.696 1.407 1.174 0.963 0.817 1.702 0.651 0.648 1.484 0.874 1.468 1.417 1.386 1.494 1.825
1.875 1.696 1.407 1.174 0.963 0.817 1.702 0.651 0.648 1.484 0.874 1.468 1.417 1.386 1.494 1.275
0.767 1.696 1.407 1.174 0.963 0.817 1.702 0.651 0.648 1.484 0.874 1.468 1.417 1.386 1.494 1.337
0.469 1.696 1.407 1.174 0.963 0.817 1.702 0.651 0.648 1.484 0.874 1.468 1.417 1.386 1.494 0.981
0.928 1.696 1.407 1.174 0.963 0.817 1.702 0.651 0.648 1.484 0.874 1.468 1.417 1.386 1.494 1.766
1.71 1.696 1.407 1.174 0.963 0.817 1.702 0.651 0.648 1.484 0.874 1.468 1.417 1.386 1.494 1.461
1.534 1.696 1.407 1.174 0.963 0.817 1.702 0.651 0.648 1.484 0.874 1.468 1.417 1.386 1.494 1.187
1.19 1.696 1.407 1.174 0.963 0.817 1.702 0.651 0.648 1.484 0.874 1.468 1.417 1.386 1.494 0.818
1.542 1.696 1.407 1.174 0.963 0.817 1.702 0.651 0.648 1.484 0.874 1.468 1.417 1.386 1.494 0.766
1.26 1.696 1.407 1.174 0.963 0.817 1.702 0.651 0.648 1.484 0.874 1.468 1.417 1.386 1.494 0.81
0.898 1.696 1.407 1.174 0.963 0.817 1.702 0.651 0.648 1.484 0.874 1.468 1.417 1.386 1.494 1.114
1.588 1.696 1.407 1.174 0.963 0.817 1.702 0.651 0.648 1.484 0.874 1.468 1.417 1.386 1.494 0.322
0.404 1.696 1.407 1.174 0.963 0.817 1.702 0.651 0.648 1.484 0.874 1.468 1.417 1.386 1.494 1.364
0.867 1.696 1.407 1.174 0.963 0.817 1.702 0.651 0.648 1.484 0.874 1.468 1.417 1.386 1.494 0.763
0.514 1.696 1.407 1.174 0.963 0.817 1.702 0.651 0.648 1.484 0.874 1.468 1.417 1.386 1.494 1.384
1.665 1.696 1.407 1.174 0.963 0.817 1.702 0.651 0.648 1.484 0.874 1.468 1.417 1.386 1.494 0.816
1.073 1.696 1.407 1.174 0.963 0.817 1.702 0.651 0.648 1.484 0.874 1.468 1.417 1.386 1.494 1.644
1.681 1.696 1.407 1.174 0.963 0.817 1.702 0.651 0.648 1.484 0.874 1.468 1.417 1.386 1.494 1.011
1.144 1.696 1.407 1.174 0.963 0.817 1.702 0.651 0.648 1.484 0.874 1.468 1.417 1.386 1.494 1.617
1.02 1.696 1.407 1.174 0.963 0.817 1.702 0.651 0.648 1.484 0.874 1.468 1.417 1.386 1.494 0.552
0.779 1.696 1.407 1.174 0.963 0.817 1.702 0.651 0.648 1.484 0.874 1.468 1.417 1.386 1.494 0.795
1.637 1.696 1.407 1.174 0.963 0.817 1.702 0.651 0.648 1.484 0.874 1.468 1.417 1.386 1.494 1.012
0.886 1.696 1.407 1.174 0.963 0.817 1.702 0.651 0.648 1.484 0.874 1.468 1.417 1.386 1.494 1.172
1.316 1.696 1.407 1.174 0.963 0.817 1.702 0.651 0.648 1.484 0.874 1.468 1.417 1.386 1.494 1.631
1.828 1.696 1.407 1.174 0.963 0.817 1.702 0.651 0.648 1.484 0.874 1.468 1.417 1.386 1.494 1.49
1.123 1.696 1.407 1.174 0.963 0.817 1.702 0.651 0.648 1.484 0.874 1.468 1.417 1.386 1.494 1.004
0.396 1.696 1.407 1.174 0.963 0.817 1.702 0.651 0.648 1.484 0.874 1.468 1.417 1.386 1.494 1.347
1.332 1.696 1.407 1.174 0.963 0.817 1.702 0.651 0.648 1.484 0.874 1.468 1.417 1.386 1.494 1.081
1.559 1.696 1.407 1.174 0.963 0.817 1.702 0.651 0.648 1.484 0.874 1.468 1.417 1.386 1.494 1.44
1.866 1.696 1.407 1.174 0.963 0.817 1.702 0.651 0.648 1.484 0.874 1.468 1.417 1.386 1.494 0.701
1.661 1.696 1.407 1.174 0.963 0.817 1.702 0.651 0.648 1.484 0.874 1.468 1.417 1.386 1.494 1.592
1.246 1.696 1.407 1.174 0.963 0.817 1.702 0.651 0.648 1.484 0.874 1.468 1.417 1.386 1.494 1.404
1.006 1.696 1.407 1.174 0.963 0.817 1.702 0.651 0.648 1.484 0.874 1.468 1.417 1.386 1.494 1.667
1.126 1.696 1.407 1.174 0.963 0.817 1.702 0.651 0.648 1.484 0.874 1.468 1.417 1.386 1.494 1.737
0.601 1.696 1.407 1.174 0.963 0.817 1.702 0.651 0.648 1.484 0.874 1.468 1.417 1.386 1.494 0.74
1.676 1.696 1.407 1.174 0.963 0.817 1.702 0.651 0.648 1.484 0.874 1.468 1.417 1.386 1.494 1.226
1.853 1.696 1.407 1.174 0.963 0.817 1.702 0.651 0.648 1.484 0.874 1.468 1.417 1.386 1.494 1.334
1.563 1.696 1.407 1.174 0.963 0.817 1.702 0.651 0.648 1.484 0.874 1.468 1.417 1.386 1.494 1.213
1.385 1.696 1.407 1.174 0.963 0.817 1.702 0.651 0.648 1.484 0.874 1.468 1.417 1.386 1.494 1.561
0.873 1.696 1.407 1.174 0.963 0.817 1.702 0.651 0.648 1.484 0.874 1.468 1.417 1.386 1.494 0.63
1.408 1.696 1.407 1.174 0.963 0.817 1.702 0.651 0.648 1.484 0.874 1.468 1.417 1.386 1.494 1.83
1.544 1.696 1.407 1.174 0.963 0.817 1.702 0.651 0.648 1.484 0.874 1.468 1.417 1.386 1.494 1.213
1.188 1.696 1.407 1.174 0.963 0.817 1.702 0.651 0.648 1.484 0.874 1.468 1.417 1.386 1.494 0.745
0.629 1.696 1.407 1.174 0.963 0.817 1.702 0.651 0.648 1.484 0.874 1.468 1.417 1.386 1.494 0.728
1.378 1.696 1.407 1.174 0.963 0.817 1.702 0.651 0.648 1.484 0.874 1.468 1.417 1.386 1.494 0.647
1.512 1.696 1.407 1.174 0.963 0.817 1.702 0.651 0.648 1.484 0.874 1.468 1.417 1.386 1.494 1.193
0.448 1.696 1.407 1.174 0.963 0.817 1.702 0.651 0.648 1.484 0.874 1.468 1.417 1.386 1.494 0.703
1.502 1.696 1.407 1.174 0.963 0.817 1.702 0.651 0.648 1.484 0.874 1.468 1.417 1.386 1.494 1.561
1.459 1.696 1.407 1.174 0.963 0.817 1.702 0.651 0.648 1.484 0.874 1.468 1.417 1.386 1.494 0.695
0.916 1.696 1.407 1.174 0.963 0.817 1.702 0.651 0.648 1.484 0.874 1.468 1.417 1.386 1.494 1.103
1.318 1.696 1.407 1.174 0.963 0.817 1.702 0.651 0.648 1.484 0.874 1.468 1.417 1.386 1.494 1.119
0.701 1.696 1.407 1.174 0.963 0.817 1.702 0.651 0.648 1.484 0.874 1.468 1.417 1.386 1.494 0.558
1.416 1.696 1.407 1.174 0.963 0.817 1.702 0.651 0.648 1.484 0.874 1.468 1.417 1.386 1.494 1.964
0.844 1.696 1.407 1.174 0.963 0.817 1.702 0.651 0.648 1.484 0.874 1.468 1.417 1.386 1.494 0.642
2.009 1.696 1.407 1.174 0.963 0.817 1.702 0.651 0.648 1.484 0.874 1.468 1.417 1.386 1.494 1.928
0.591 1.696 1.407 1.174 0.963 0.817 1.702 0.651 0.648 1.484 0.874 1.468 1.417 1.386 1.494 1.321
0.562 1.696 1.407 1.174 0.963 0.817 1.702 0.651 0.648 1.484 0.874 1.468 1.417 1.386 1.494 0.494
1.465 1.696 1.407 1.174 0.963 0.817 1.702 0.651 0.648 1.484 0.874 1.468 1.417 1.386 1.494 0.851
1.204 1.696 1.407 1.174 0.963 0.817 1.702 0.651 0.648 1.484 0.874 1.468 1.417 1.386 1.494 0.878
1.039 1.696 1.407 1.174 0.963 0.817 1.702 0.651 0.648 1.484 0.874 1.468 1.417 1.386 1.494 1.513
1.613 1.696 1.407 1.174 0.963 0.817 1.702 0.651 0.648 1.484 0.874 1.468 1.417 1.386 1.494 1.67
1.479 1.696 1.407 1.174 0.963 0.817 1.702 0.651 0.648 1.484 0.874 1.468 1.417 1.386 1.494 1.925
0.745 1.696 1.407 1.174 0.963 0.817 1.702 0.651 0.648 1.484 0.874 1.468 1.417 1.386 1.494 0.943
0.434 1.696 1.407 1.174 0.963 0.817 1.702 0.651 0.648 1.484 0.874 1.468 1.417 1.386 1.494 0.695
0.596 1.696 1.407 1.174 0.963 0.817 1.702 0.651 0.648 1.484 0.874 1.468 1.417 1.386 1.494 0.804
1.432 1.696 1.407 1.174 0.963 0.817 1.702 0.651 0.648 1.484 0.874 1.468 1.417 1.386 1.494 1.33
1.092 1.696 1.407 1.174 0.963 0.817 1.702 0.651 0.648 1.484 0.874 1.468 1.417 1.386 1.494 1.532
1.751 1.696 1.407 1.174 0.963 0.817 1.702 0.651 0.648 1.484 0.874 1.468 1.417 1.386 1.494 1.565
1.053 1.696 1.407 1.174 0.963 0.817 1.702 0.651 0.648 1.484 0.874 1.468 1.417 1.386 1.494 1.342
1.129 1.696 1.407 1.174 0.963 0.817 1.702 0.651 0.648 1.484 0.874 1.468 1.417 1.386 1.494 1.621
1.311 1.696 1.407 1.174 0.963 0.817 1.702 0.651 0.648 1.484 0.874 1.468 1.417 1.386 1.494 1.752
1.44 1.696 1.407 1.174 0.963 0.817 1.702 0.651 0.648 1.484 0.874 1.468 1.417 1.386 1.494 1.304
1.6 1.696 1.407 1.174 0.963 0.817 1.702 0.651 0.648 1.484 0.874 1.468 1.417 1.386 1.494 1.305
0.805 1.696 1.407 1.174 0.963 0.817 1.702 0.651 0.648 1.484 0.874 1.468 1.417 1.386 1.494 1
1.144 1.696 1.407 1.174 0.963 0.817 1.702 0.651 0.648 1.484 0.874 1.468 1.417 1.386 1.494 1.403
0.463 1.696 1.407 1.174 0.963 0.817 1.702 0.651 0.648 1.484 0.874 1.468 1.417 1.386 1.494 1.385
0.569 1.696 1.407 1.174 0.963 0.817 1.702 0.651 0.648 1.484 0.874 1.468 1.417 1.386 1.494 0.596
0.98 1.696 1.407 1.174 0.963 0.817 1.702 0.651 0.648 1.484 0.874 1.468 1.417 1.386 1.494 0.874
0.593 1.696 1.407 1.174 0.963 0.817 1.702 0.651 0.648 1.484 0.874 1.468 1.417 1.386 1.494 1.912
1.648 1.696 1.407 1.174 0.963 0.817 1.702 0.651 0.648 1.484 0.874 1.468 1.417 1.386 1.494 1.291
1.548 1.696 1.407 1.174 0.963 0.817 1.702 0.651 0.648 1.484 0.874 1.468 1.417 1.386 1.494 1.567
0.571 1.696 1.407 1.174 0.963 0.817 1.702 0.651 0.648 1.484 0.874 1.468 1.417 1.386 1.494 0.803
1.345 1.696 1.407 1.174 0.963 0.817 1.702 0.651 0.648 1.484 0.874 1.468 1.417 1.386 1.494 1.757
1.413 1.696 1.407 1.174 0.963 0.817 1.702 0.651 0.648 1.484 0.874 1.468 1.417 1.386 1.494 0.551
0.721 1.696 1.407 1.174 0.963 0.817 1.702 0.651 0.648 1.484 0.874 1.468 1.417 1.386 1.494 0.716
1.163 1.696 1.407 1.174 0.963 0.817 1.702 0.651 0.648 1.484 0.874 1.468 1.417 1.386 1.494 1.499
0.581 1.696 1.407 1.174 0.963 0.817 1.702 0.651 0.648 1.484 0.874 1.468 1.417 1.386 1.494 1.517
0.336 1.696 1.407 1.174 0.963 0.817 1.702 0.651 0.648 1.484 0.874 1.468 1.417 1.386 1.494 0.358
0.813 1.696 1.407 1.174 0.963 0.817 1.702 0.651 0.648 1.484 0.874 1.468 1.417 1.386 1.494 1.667
0.823 1.696 1.407 1.174 0.963 0.817 1.702 0.651 0.648 1.484 0.874 1.468 1.417 1.386 1.494 1.675
1.404 1.696 1.407 1.174 0.963 0.817 1.702 0.651 0.648 1.484 0.874 1.468 1.417 1.386 1.494 1.083
1.258 1.696 1.407 1.174 0.963 0.817 1.702 0.651 0.648 1.484 0.874 1.468 1.417 1.386 1.494 1.389
1.251 1.696 1.407 1.174 0.963 0.817 1.702 0.651 0.648 1.484 0.874 1.468 1.417 1.386 1.494 1.214
1.332 1.696 1.407 1.174 0.963 0.817 1.702 0.651 0.648 1.484 0.874 1.468 1.417 1.386 1.494 1.359
1.592 1.696 1.407 1.174 0.963 0.817 1.702 0.651 0.648 1.484 0.874 1.468 1.417 1.386 1.494 1.34
0.67 1.696 1.407 1.174 0.963 0.817 1.702 0.651 0.648 1.484 0.874 1.468 1.417 1.386 1.494 0.964
0.896 1.696 1.407 1.174 0.963 0.817 1.702 0.651 0.648 1.484 0.874 1.468 1.417 1.386 1.494 0.828
0.516 1.696 1.407 1.174 0.963 0.817 1.702 0.651 0.648 1.484 0.874 1.468 1.417 1.386 1.494 1.555
1.329 1.696 1.407 1.174 0.963 0.817 1.702 0.651 0.648 1.484 0.874 1.468 1.417 1.386 1.494 1.085
1.188 1.696 1.407 1.174 0.963 0.817 1.702 0.651 0.648 1.484 0.874 1.468 1.417 1.386 1.494 1.146
1.158 1.696 1.407 1.174 0.963 0.817 1.702 0.651 0.648 1.484 0.874 1.468 1.417 1.386 1.494 0.634
0.996 1.696 1.407 1.174 0.963 0.817 1.702 0.651 0.648 1.484 0.874 1.468 1.417 1.386 1.494 1.039
1.496 1.696 1.407 1.174 0.963 0.817 1.702 0.651 0.648 1.484 0.874 1.468 1.417 1.386 1.494 1.967
1.525 1.696 1.407 1.174 0.963 0.817 1.702 0.651 0.648 1.484 0.874 1.468 1.417 1.386 1.494 1.882
1.288 1.696 1.407 1.174 0.963 0.817 1.702 0.651 0.648 1.484 0.874 1.468 1.417 1.386 1.494 1.696
0.954 1.696 1.407 1.174 0.963 0.817 1.702 0.651 0.648 1.484 0.874 1.468 1.417 1.386 1.494 1.547
1.505 1.696 1.407 1.174 0.963 0.817 1.702 0.651 0.648 1.484 0.874 1.468 1.417 1.386 1.494 1.298
1.664 1.696 1.407 1.174 0.963 0.817 1.702 0.651 0.648 1.484 0.874 1.468 1.417 1.386 1.494 1.454
1.698 1.696 1.407 1.174 0.963 0.817 1.702 0.651 0.648 1.484 0.874 1.468 1.417 1.386 1.494 1.66
0.594 1.696 1.407 1.174 0.963 0.817 1.702 0.651 0.648 1.484 0.874 1.468 1.417 1.386 1.494 0.477
0.572 1.696 1.407 1.174 0.963 0.817 1.702 0.651 0.648 1.484 0.874 1.468 1.417 1.386 1.494 1.781
0.993 1.696 1.407 1.174 0.963 0.817 1.702 0.651 0.648 1.484 0.874 1.468 1.417 1.386 1.494 1.386
1.751 1.696 1.407 1.174 0.963 0.817 1.702 0.651 0.648 1.484 0.874 1.468 1.417 1.386 1.494 1.174
1.69 1.696 1.407 1.174 0.963 0.817 1.702 0.651 0.648 1.484 0.874 1.468 1.417 1.386 1.494 1.401
1.566 1.696 1.407 1.174 0.963 0.817 1.702 0.651 0.648 1.484 0.874 1.468 1.417 1.386 1.494 1.221
1.061 1.696 1.407 1.174 0.963 0.817 1.702 0.651 0.648 1.484 0.874 1.468 1.417 1.386 1.494 1.161
1.185 1.696 1.407 1.174 0.963 0.817 1.702 0.651 0.648 1.484 0.874 1.468 1.417 1.386 1.494 0.647
0.755 1.696 1.407 1.174 0.963 0.817 1.702 0.651 0.648 1.484 0.874 1.468 1.417 1.386 1.494 1.629
1.445 1.696 1.407 1.174 0.963 0.817 1.702 0.651 0.648 1.484 0.874 1.468 1.417 1.386 1.494 0.712
1.488 1.696 1.407 1.174 0.963 0.817 1.702 0.651 0.648 1.484 0.874 1.468 1.417 1.386 1.494 1.58
1.114 1.696 1.407 1.174 0.963 0.817 1.702 0.651 0.648 1.484 0.874 1.468 1.417 1.386 1.494 1.209
0.836 1.696 1.407 1.174 0.963 0.817 1.702 0.651 0.648 1.484 0.874 1.468 1.417 1.386 1.494 1.086
1.389 1.696 1.407 1.174 0.963 0.817 1.702 0.651 0.648 1.484 0.874 1.468 1.417 1.386 1.494 1.69
0.8 1.696 1.407 1.174 0.963 0.817 1.702 0.651 0.648 1.484 0.874 1.468 1.417 1.386 1.494 0.706
0.899 1.696 1.407 1.174 0.963 0.817 1.702 0.651 0.648 1.484 0.874 1.468 1.417 1.386 1.494 1.53
1.108 1.696 1.407 1.174 0.963 0.817 1.702 0.651 0.648 1.484 0.874 1.468 1.417 1.386 1.494 1.458
1.768 1.696 1.407 1.174 0.963 0.817 1.702 0.651 0.648 1.484 0.874 1.468 1.417 1.386 1.494 0.708
0.777 1.696 1.407 1.174 0.963 0.817 1.702 0.651 0.648 1.484 0.874 1.468 1.417 1.386 1.494 0.564
0.849 1.696 1.407 1.174 0.963 0.817 1.702 0.651 0.648 1.484 0.874 1.468 1.417 1.386 1.494 1.449
1.038 1.696 1.407 1.174 0.963 0.817 1.702 0.651 0.648 1.484 0.874 1.468 1.417 1.386 1.494 0.725
1.08 1.696 1.407 1.174 0.963 0.817 1.702 0.651 0.648 1.484 0.874 1.468 1.417 1.386 1.494 1.222
1.351 1.696 1.407 1.174 0.963 0.817 1.702 0.651 0.648 1.484 0.874 1.468 1.417 1.386 1.494 1.461
1.745 1.696 1.407 1.174 0.963 0.817 1.702 0.651 0.648 1.484 0.874 1.468 1.417 1.386 1.494 1.858
1.563 1.696 1.407 1.174 0.963 0.817 1.702 0.651 0.648 1.484 0.874 1.468 1.417 1.386 1.494 1.307
1.341 1.696 1.407 1.174 0.963 0.817 1.702 0.651 0.648 1.484 0.874 1.468 1.417 1.386 1.494 1.586
1.081 1.696 1.407 1.174 0.963 0.817 1.702 0.651 0.648 1.484 0.874 1.468 1.417 1.386 1.494 1.577
0.359 1.696 1.407 1.174 0.963 0.817 1.702 0.651 0.648 1.484 0.874 1.468 1.417 1.386 1.494 0.438
1.435 1.696 1.407 1.174 0.963 0.817 1.702 0.651 0.648 1.484 0.874 1.468 1.417 1.386 1.494 1.741
0.613 1.696 1.407 1.174 0.963 0.817 1.702 0.651 0.648 1.484 0.874 1.468 1.417 1.386 1.494 0.617
1.078 1.696 1.407 1.174 0.963 0.817 1.702 0.651 0.648 1.484 0.874 1.468 1.417 1.386 1.494 1.715
1.557 1.696 1.407 1.174 0.963 0.817 1.702 0.651 0.648 1.484 0.874 1.468 1.417 1.386 1.494 1.522
1.396 1.696 1.407 1.174 0.963 0.817 1.702 0.651 0.648 1.484 0.874 1.468 1.417 1.386 1.494 1.203
1.322 1.696 1.407 1.174 0.963 0.817 1.702 0.651 0.648 1.484 0.874 1.468 1.417 1.386 1.494 1.21
0.809 1.696 1.407 1.174 0.963 0.817 1.702 0.651 0.648 1.484 0.874 1.468 1.417 1.386 1.494 1.281
1.901 1.696 1.407 1.174 0.963 0.817 1.702 0.651 0.648 1.484 0.874 1.468 1.417 1.386 1.494 1.905
1.366 1.696 1.407 1.174 0.963 0.817 1.702 0.651 0.648 1.484 0.874 1.468 1.417 1.386 1.494 0.911
1.553 1.696 1.407 1.174 0.963 0.817 1.702 0.651 0.648 1.484 0.874 1.468 1.417 1.386 1.494 1.106
1.353 1.696 1.407 1.174 0.963 0.817 1.702 0.651 0.648 1.484 0.874 1.468 1.417 1.386 1.494 0.527
0.499 1.696 1.407 1.174 0.963 0.817 1.702 0.651 0.648 1.484 0.874 1.468 1.417 1.386 1.494 0.746
1.317 1.696 1.407 1.174 0.963 0.817 1.702 0.651 0.648 1.484 0.874 1.468 1.417 1.386 1.494 1.758
1.297 1.696 1.407 1.174 0.963 0.817 1.702 0.651 0.648 1.484 0.874 1.468 1.417 1.386 1.494 1.352
1.157 1.696 1.407 1.174 0.963 0.817 1.702 0.651 0.648 1.484 0.874 1.468 1.417 1.386 1.494 1.909
1.032 1.696 1.407 1.174 0.963 0.817 1.702 0.651 0.648 1.484 0.874 1.468 1.417 1.386 1.494 1.592
0.516 1.696 1.407 1.174 0.963 0.817 1.702 0.651 0.648 1.484 0.874 1.468 1.417 1.386 1.494 1.766
1.765 1.696 1.407 1.174 0.963 0.817 1.702 0.651 0.648 1.484 0.874 1.468 1.417 1.386 1.494 0.459
1.542 1.696 1.407 1.174 0.963 0.817 1.702 0.651 0.648 1.484 0.874 1.468 1.417 1.386 1.494 1.072
1.416 1.696 1.407 1.174 0.963 0.817 1.702 0.651 0.648 1.484 0.874 1.468 1.417 1.386 1.494 0.907
1.507 1.696 1.407 1.174 0.963 0.817 1.702 0.651 0.648 1.484 0.874 1.468 1.417 1.386 1.494 0.852
1.696 1.696 1.407 1.174 0.963 0.817 1.702 0.651 0.648 1.484 0.874 1.468 1.417 1.386 1.494 0.709
0.947 1.696 1.407 1.174 0.963 0.817 1.702 0.651 0.648 1.484 0.874 1.468 1.417 1.386 1.494 1.343
1.969 1.696 1.407 1.174 0.963 0.817 1.702 0.651 0.648 1.484 0.874 1.468 1.417 1.386 1.494 1.692
1.159 1.696 1.407 1.174 0.963 0.817 1.702 0.651 0.648 1.484 0.874 1.468 1.417 1.386 1.494 0.86
1.494 1.696 1.407 1.174 0.963 0.817 1.702 0.651 0.648 1.484 0.874 1.468 1.417 1.386 1.494 1.344
1.706 1.696 1.407 1.174 0.963 0.817 1.702 0.651 0.648 1.484 0.874 1.468 1.417 1.386 1.494 1.128
1.55 1.696 1.407 1.174 0.963 0.817 1.702 0.651 0.648 1.484 0.874 1.468 1.417 1.386 1.494 0.824
1.127 1.696 1.407 1.174 0.963 0.817 1.702 0.651 0.648 1.484 0.874 1.468 1.417 1.386 1.494 1.355
2.02 1.696 1.407 1.174 0.963 0.817 1.702 0.651 0.648 1.484 0.874 1.468 1.417 1.386 1.494 0.906
1.434 1.696 1.407 1.174 0.963 0.817 1.702 0.651 0.648 1.484 0.874 1.468 1.417 1.386 1.494 0.73
1.023 1.696 1.407 1.174 0.963 0.817 1.702 0.651 0.648 1.484 0.874 1.468 1.417 1.386 1.494 1.657
0.958 1.696 1.407 1.174 0.963 0.817 1.702 0.651 0.648 1.484 0.874 1.468 1.417 1.386 1.494 1.783
1.935 1.696 1.407 1.174 0.963 0.817 1.702 0.651 0.648 1.484 0.874 1.468 1.417 1.386 1.494 0.489
1.04 1.696 1.407 1.174 0.963 0.817 1.702 0.651 0.648 1.484 0.874 1.468 1.417 1.386 1.494 1.136
0.829 1.696 1.407 1.174 0.963 0.817 1.702 0.651 0.648 1.484 0.874 1.468 1.417 1.386 1.494 1.38
1.119 1.696 1.407 1.174 0.963 0.817 1.702 0.651 0.648 1.484 0.874 1.468 1.417 1.386 1.494 0.849
1.787 1.696 1.407 1.174 0.963 0.817 1.702 0.651 0.648 1.484 0.874 1.468 1.417 1.386 1.494 1.452
1.75 1.696 1.407 1.174 0.963 0.817 1.702 0.651 0.648 1.484 0.874 1.468 1.417 1.386 1.494 1.124
1.609 1.696 1.407 1.174 0.963 0.817 1.702 0.651 0.648 1.484 0.874 1.468 1.417 1.386 1.494 0.524
0.987 1.696 1.407 1.174 0.963 0.817 1.702 0.651 0.648 1.484 0.874 1.468 1.417 1.386 1.494 0.483
0.531 1.696 1.407 1.174 0.963 0.817 1.702 0.651 0.648 1.484 0.874 1.468 1.417 1.386 1.494 0.437
0.854 1.696 1.407 1.174 0.963 0.817 1.702 0.651 0.648 1.484 0.874 1.468 1.417 1.386 1.494 1.308
1.813 1.696 1.407 1.174 0.963 0.817 1.702 0.651 0.648 1.484 0.874 1.468 1.417 1.386 1.494 1.247
1.855 1.696 1.407 1.174 0.963 0.817 1.702 0.651 0.648 1.484 0.874 1.468 1.417 1.386 1.494 0.572
0.896 1.696 1.407 1.174 0.963 0.817 1.702 0.651 0.648 1.484 0.874 1.468 1.417 1.386 1.494 0.714
1.981 1.696 1.407 1.174 0.963 0.817 1.702 0.651 0.648 1.484 0.874 1.468 1.417 1.386 1.494 1.714
1.454 1.696 1.407 1.174 0.963 0.817 1.702 0.651 0.648 1.484 0.874 1.468 1.417 1.386 1.494 1.116
1.425 1.696 1.407 1.174 0.963 0.817 1.702 0.651 0.648 1.484 0.874 1.468 1.417 1.386 1.494 1.144
1.563 1.696 1.407 1.174 0.963 0.817 1.702 0.651 0.648 1.484 0.874 1.468 1.417 1.386 1.494 1.437
1.029 1.696 1.407 1.174 0.963 0.817 1.702 0.651 0.648 1.484 0.874 1.468 1.417 1.386 1.494 0.653
1.209 1.696 1.407 1.174 0.963 0.817 1.702 0.651 0.648 1.484 0.874 1.468 1.417 1.386 1.494 1.453
1.845 1.696 1.407 1.174 0.963 0.817 1.702 0.651 0.648 1.484 0.874 1.468 1.417 1.386 1.494 1.502
1.684 1.696 1.407 1.174 0.963 0.817 1.702 0.651 0.648 1.484 0.874 1.468 1.417 1.386 1.494 0.585
1.183 1.696 1.407 1.174 0.963 0.817 1.702 0.651 0.648 1.484 0.874 1.468 1.417 1.386 1.494 1.139
1.328 1.696 1.407 1.174 0.963 0.817 1.702 0.651 0.648 1.484 0.874 1.468 1.417 1.386 1.494 1.592
0.598 1.696 1.407 1.174 0.963 0.817 1.702 0.651 0.648 1.484 0.874 1.468 1.417 1.386 1.494 0.827
1.829 1.696 1.407 1.174 0.963 0.817 1.702 0.651 0.648 1.484 0.874 1.468 1.417 1.386 1.494 0.674
1.501 1.696 1.407 1.174 0.963 0.817 1.702 0.651 0.648 1.484 0.874 1.468 1.417 1.386 1.494 1.309
1.229 1.696 1.407 1.174 0.963 0.817 1.702 0.651 0.648 1.484 0.874 1.468 1.417 1.386 1.494 0.624
1.586 1.696 1.407 1.174 0.963 0.817 1.702 0.651 0.648 1.484 0.874 1.468 1.417 1.386 1.494 1.248
1.134 1.696 1.407 1.174 0.963 0.817 1.702 0.651 0.648 1.484 0.874 1.468 1.417 1.386 1.494 1.255
1.158 1.696 1.407 1.174 0.963 0.817 1.702 0.651 0.648 1.484 0.874 1.468 1.417 1.386 1.494 1.893
0.566 1.696 1.407 1.174 0.963 0.817 1.702 0.651 0.648 1.484 0.874 1.468 1.417 1.386 1.494 0.518
1.709 1.696 1.407 1.174 0.963 0.817 1.702 0.651 0.648 1.484 0.874 1.468 1.417 1.386 1.494 1.548
1.5 1.696 1.407 1.174 0.963 0.817 1.702 0.651 0.648 1.484 0.874 1.468 1.417 1.386 1.494 0.534
1.454 1.696 1.407 1.174 0.963 0.817 1.702 0.651 0.648 1.484 0.874 1.468 1.417 1.386 1.494 0.852
1.077 1.696 1.407 1.174 0.963 0.817 1.702 0.651 0.648 1.484 0.874 1.468 1.417 1.386 1.494 0.958
0.187 1.696 1.407 1.174 0.963 0.817 1.702 0.651 0.648 1.484 0.874 1.468 1.417 1.386 1.494 0.458
1.243 1.696 1.407 1.174 0.963 0.817 1.702 0.651 0.648 1.484 0.874 1.468 1.417 1.386 1.494 1.328
0.203 1.696 1.407 1.174 0.963 0.817 1.702 0.651 0.648 1.484 0.874 1.468 1.417 1.386 1.494 0.375
1.705 1.696 1.407 1.174 0.963 0.817 1.702 0.651 0.648 1.484 0.874 1.468 1.417 1.386 1.494 1.094
1.217 1.696 1.407 1.174 0.963 0.817 1.702 0.651 0.648 1.484 0.874 1.468 1.417 1.386 1.494 1.703
0.653 1.696 1.407 1.174 0.963 0.817 1.702 0.651 0.648 1.484 0.874 1.468 1.417 1.386 1.494 1.277
1.199 1.696 1.407 1.174 0.963 0.817 1.702 0.651 0.648 1.484 0.874 1.468 1.417 1.386 1.494 0.767
1.655 1.696 1.407 1.174 0.963 0.817 1.702 0.651 0.648 1.484 0.874 1.468 1.417 1.386 1.494 1.35
1.549 1.696 1.407 1.174 0.963 0.817 1.702 0.651 0.648 1.484 0.874 1.468 1.417 1.386 1.494 1.743
0.716 1.696 1.407 1.174 0.963 0.817 1.702 0.651 0.648 1.484 0.874 1.468 1.417 1.386 1.494 1.802
1.28 1.696 1.407 1.174 0.963 0.817 1.702 0.651 0.648 1.484 0.874 1.468 1.417 1.386 1.494 1.032
0.997 1.696 1.407 1.174 0.963 0.817 1.702 0.651 0.648 1.484 0.874 1.468 1.417 1.386 1.494 0.767
1.011 1.696 1.407 1.174 0.963 0.817 1.702 0.651 0.648 1.484 0.874 1.468 1.417 1.386 1.494 1.639
1.38 1.696 1.407 1.174 0.963 0.817 1.702 0.651 0.648 1.484 0.874 1.468 1.417 1.386 1.494 1.293
1.247 1.696 1.407 1.174 0.963 0.817 1.702 0.651 0.648 1.484 0.874 1.468 1.417 1.386 1.494 1.482
1.781 1.696 1.407 1.174 0.963 0.817 1.702 0.651 0.648 1.484 0.874 1.468 1.417 1.386 1.494 0.533
0.603 1.696 1.407 1.174 0.963 0.817 1.702 0.651 0.648 1.484 0.874 1.468 1.417 1.386 1.494 0.45
1.721 1.696 1.407 1.174 0.963 0.817 1.702 0.651 0.648 1.484 0.874 1.468 1.417 1.386 1.494 1.626
0.674 1.696 1.407 1.174 0.963 0.817 1.702 0.651 0.648 1.484 0.874 1.468 1.417 1.386 1.494 0.755
1.706 1.696 1.407 1.174 0.963 0.817 1.702 0.651 0.648 1.484 0.874 1.468 1.417 1.386 1.494 1.814
1.209 1.696 1.407 1.174 0.963 0.817 1.702 0.651 0.648 1.484 0.874 1.468 1.417 1.386 1.494 1.034
1.176 1.696 1.407 1.174 0.963 0.817 1.702 0.651 0.648 1.484 0.874 1.468 1.417 1.386 1.494 0.735
0.77 1.696 1.407 1.174 0.963 0.817 1.702 0.651 0.648 1.484 0.874 1.468 1.417 1.386 1.494 0.567
0.983 1.696 1.407 1.174 0.963 0.817 1.702 0.651 0.648 1.484 0.874 1.468 1.417 1.386 1.494 1.252
0.729 1.696 1.407 1.174 0.963 0.817 1.702 0.651 0.648 1.484 0.874 1.468 1.417 1.386 1.494 1.741
0.547 1.696 1.407 1.174 0.963 0.817 1.702 0.651 0.648 1.484 0.874 1.468 1.417 1.386 1.494 1.788
1.382 1.696 1.407 1.174 0.963 0.817 1.702 0.651 0.648 1.484 0.874 1.468 1.417 1.386 1.494 1.562
0.701 1.696 1.407 1.174 0.963 0.817 1.702 0.651 0.648 1.484 0.874 1.468 1.417 1.386 1.494 0.54
1.356 1.696 1.407 1.174 0.963 0.817 1.702 0.651 0.648 1.484 0.874 1.468 1.417 1.386 1.494 1.843
0.818 1.696 1.407 1.174 0.963 0.817 1.702 0.651 0.648 1.484 0.874 1.468 1.417 1.386 1.494 1.706
1.315 1.696 1.407 1.174 0.963 0.817 1.702 0.651 0.648 1.484 0.874 1.468 1.417 1.386 1.494 0.797
1.621 1.696 1.407 1.174 0.963 0.817 1.702 0.651 0.648 1.484 0.874 1.468 1.417 1.386 1.494 1.551
1.535 1.696 1.407 1.174 0.963 0.817 1.702 0.651 0.648 1.484 0.874 1.468 1.417 1.386 1.494 1.582
0.563 1.696 1.407 1.174 0.963 0.817 1.702 0.651 0.648 1.484 0.874 1.468 1.417 1.386 1.494 1.384
0.516 1.696 1.407 1.174 0.963 0.817 1.702 0.651 0.648 1.484 0.874 1.468 1.417 1.386 1.494 1.651
0.568 1.696 1.407 1.174 0.963 0.817 1.702 0.651 0.648 1.484 0.874 1.468 1.417 1.386 1.494 0.857
1.238 1.696 1.407 1.174 0.963 0.817 1.702 0.651 0.648 1.484 0.874 1.468 1.417 1.386 1.494 0.876
1.384 1.696 1.407 1.174 0.963 0.817 1.702 0.651 0.648 1.484 0.874 1.468 1.417 1.386 1.494 0.657
1.16 1.696 1.407 1.174 0.963 0.817 1.702 0.651 0.648 1.484 0.874 1.468 1.417 1.386 1.494 1.678
1.688 1.696 1.407 1.174 0.963 0.817 1.702 0.651 0.648 1.484 0.874 1.468 1.417 1.386 1.494 1.146
0.687 1.696 1.407 1.174 0.963 0.817 1.702 0.651 0.648 1.484 0.874 1.468 1.417 1.386 1.494 1.659
0.711 1.696 1.407 1.174 0.963 0.817 1.702 0.651 0.648 1.484 0.874 1.468 1.417 1.386 1.494 1.44
0.785 1.696 1.407 1.174 0.963 0.817 1.702 0.651 0.648 1.484 0.874 1.468 1.417 1.386 1.494 1.361
1.297 1.696 1.407 1.174 0.963 0.817 1.702 0.651 0.648 1.484 0.874 1.468 1.417 1.386 1.494 0.664
1.661 1.696 1.407 1.174 0.963 0.817 1.702 0.651 0.648 1.484 0.874 1.468 1.417 1.386 1.494 1.39
1.547 1.696 1.407 1.174 0.963 0.817 1.702 0.651 0.648 1.484 0.874 1.468 1.417 1.386 1.494 1.079
1.159 1.696 1.407 1.174 0.963 0.817 1.702 0.651 0.648 1.484 0.874 1.468 1.417 1.386 1.494 1.285
0.322 1.696 1.407 1.174 0.963 0.817 1.702 0.651 0.648 1.484 0.874 1.468 1.417 1.386 1.494 0.885
0.598 1.696 1.407 1.174 0.963 0.817 1.702 0.651 0.648 1.484 0.874 1.468 1.417 1.386 1.494 1.565
0.909 1.696 1.407 1.174 0.963 0.817 1.702 0.651 0.648 1.484 0.874 1.468 1.417 1.386 1.494 0.639
1.043 1.696 1.407 1.174 0.963 0.817 1.702 0.651 0.648 1.484 0.874 1.468 1.417 1.386 1.494 1.485
1.595 1.696 1.407 1.174 0.963 0.817 1.702 0.651 0.648 1.484 0.874 1.468 1.417 1.386 1.494 0.609
1.678 1.696 1.407 1.174 0.963 0.817 1.702 0.651 0.648 1.484 0.874 1.468 1.417 1.386 1.494 1.387
1.684 1.696 1.407 1.174 0.963 0.817 1.702 0.651 0.648 1.484 0.874 1.468 1.417 1.386 1.494 1.53
1.947 1.696 1.407 1.174 0.963 0.817 1.702 0.651 0.648 1.484 0.874 1.468 1.417 1.386 1.494 1.25
1.456 1.696 1.407 1.174 0.963 0.817 1.702 0.651 0.648 1.484 0.874 1.468 1.417 1.386 1.494 1.187
1.053 1.696 1.407 1.174 0.963 0.817 1.702 0.651 0.648 1.484 0.874 1.468 1.417 1.386 1.494 1.881
1.003 1.696 1.407 1.174 0.963 0.817 1.702 0.651 0.648 1.484 0.874 1.468 1.417 1.386 1.494 1.275
1.526 1.696 1.407 1.174 0.963 0.817 1.702 0.651 0.648 1.484 0.874 1.468 1.417 1.386 1.494 0.707
1.444 1.696 1.407 1.174 0.963 0.817 1.702 0.651 0.648 1.484 0.874 1.468 1.417 1.386 1.494 1.456
1.636 1.696 1.407 1.174 0.963 0.817 1.702 0.651 0.648 1.484 0.874 1.468 1.417 1.386 1.494 1.846
0.724 1.696 1.407 1.174 0.963 0.817 1.702 0.651 0.648 1.484 0.874 1.468 1.417 1.386 1.494 1.516
0.959 1.696 1.407 1.174 0.963 0.817 1.702 0.651 0.648 1.484 0.874 1.468 1.417 1.386 1.494 0.625
1.195 1.696 1.407 1.174 0.963 0.817 1.702 0.651 0.648 1.484 0.874 1.468 1.417 1.386 1.494 0.897
0.622 1.696 1.407 1.174 0.963 0.817 1.702 0.651 0.648 1.484 0.874 1.468 1.417 1.386 1.494 1.864
1.382 1.696 1.407 1.174 0.963 0.817 1.702 0.651 0.648 1.484 0.874 1.468 1.417 1.386 1.494 0.754
1.572 1.696 1.407 1.174 0.963 0.817 1.702 0.651 0.648 1.484 0.874 1.468 1.417 1.386 1.494 0.951
1.757 1.696 1.407 1.174 0.963 0.817 1.702 0.651 0.648 1.484 0.874 1.468 1.417 1.386 1.494 1.517
1.342 1.696 1.407 1.174 0.963 0.817 1.702 0.651 0.648 1.484 0.874 1.468 1.417 1.386 1.494 1.581
1.158 1.696 1.407 1.174 0.963 0.817 1.702 0.651 0.648 1.484 0.874 1.468 1.417 1.386 1.494 1.162
0.794 1.696 1.407 1.174 0.963 0.817 1.702 0.651 0.648 1.484 0.874 1.468 1.417 1.386 1.494 0.739
0.653 1.696 1.407 1.174 0.963 0.817 1.702 0.651 0.648 1.484 0.874 1.468 1.417 1.386 1.494 0.817
0.95 1.696 1.407 1.174 0.963 0.817 1.702 0.651 0.648 1.484 0.874 1.468 1.417 1.386 1.494 1.542
0.771 1.696 1.407 1.174 0.963 0.817 1.702 0.651 0.648 1.484 0.874 1.468 1.417 1.386 1.494 1.32
1.636 1.696 1.407 1.174 0.963 0.817 1.702 0.651 0.648 1.484 0.874 1.468 1.417 1.386 1.494 1.65
1.854 1.696 1.407 1.174 0.963 0.817 1.702 0.651 0.648 1.484 0.874 1.468 1.417 1.386 1.494 0.816
1.288 1.696 1.407 1.174 0.963 0.817 1.702 0.651 0.648 1.484 0.874 1.468 1.417 1.386 1.494 0.451
1.898 1.696 1.407 1.174 0.963 0.817 1.702 0.651 0.648 1.484 0.874 1.468 1.417 1.386 1.494 1.65
0.881 1.696 1.407 1.174 0.963 0.817 1.702 0.651 0.648 1.484 0.874 1.468 1.417 1.386 1.494 0.971
0.634 1.696 1.407 1.174 0.963 0.817 1.702 0.651 0.648 1.484 0.874 1.468 1.417 1.386 1.494 1.427
1.368 1.696 1.407 1.174 0.963 0.817 1.702 0.651 0.648 1.484 0.874 1.468 1.417 1.386 1.494 1.084
0.96 1.696 1.407 1.174 0.963 0.817 1.702 0.651 0.648 1.484 0.874 1.468 1.417 1.386 1.494 0.709
0.89 1.696 1.407 1.174 0.963 0.817 1.702 0.651 0.648 1.484 0.874 1.468 1.417 1.386 1.494 0.838
1.364 1.696 1.407 1.174 0.963 0.817 1.702 0.651 0.648 1.484 0.874 1.468 1.417 1.386 1.494 1.172
0.547 1.696 1.407 1.174 0.963 0.817 1.702 0.651 0.648 1.484 0.874 1.468 1.417 1.386 1.494 0.658
1.596 1.696 1.407 1.174 0.963 0.817 1.702 0.651 0.648 1.484 0.874 1.468 1.417 1.386 1.494 1.464
1.472 1.696 1.407 1.174 0.963 0.817 1.702 0.651 0.648 1.484 0.874 1.468 1.417 1.386 1.494 1.164
1.49 1.696 1.407 1.174 0.963 0.817 1.702 0.651 0.648 1.484 0.874 1.468 1.417 1.386 1.494 1.637
1.325 1.696 1.407 1.174 0.963 0.817 1.702 0.651 0.648 1.484 0.874 1.468 1.417 1.386 1.494 0.932
1.568 1.696 1.407 1.174 0.963 0.817 1.702 0.651 0.648 1.484 0.874 1.468 1.417 1.386 1.494 1.887
1.228 1.696 1.407 1.174 0.963 0.817 1.702 0.651 0.648 1.484 0.874 1.468 1.417 1.386 1.494 1.447
1.497 1.696 1.407 1.174 0.963 0.817 1.702 0.651 0.648 1.484 0.874 1.468 1.417 1.386 1.494 0.719
1.687 1.696 1.407 1.174 0.963 0.817 1.702 0.651 0.648 1.484 0.874 1.468 1.417 1.386 1.494 1.404
1.124 1.696 1.407 1.174 0.963 0.817 1.702 0.651 0.648 1.484 0.874 1.468 1.417 1.386 1.494 0.683
1.051 1.696 1.407 1.174 0.963 0.817 1.702 0.651 0.648 1.484 0.874 1.468 1.417 1.386 1.494 1.3
1.106 1.696 1.407 1.174 0.963 0.817 1.702 0.651 0.648 1.484 0.874 1.468 1.417 1.386 1.494 1.27
1.753 1.696 1.407 1.174 0.963 0.817 1.702 0.651 0.648 1.484 0.874 1.468 1.417 1.386 1.494 1.864
1.394 1.696 1.407 1.174 0.963 0.817 1.702 0.651 0.648 1.484 0.874 1.468 1.417 1.386 1.494 0.95
1.351 1.696 1.407 1.174 0.963 0.817 1.702 0.651 0.648 1.484 0.874 1.468 1.417 1.386 1.494 0.569
0.479 1.696 1.407 1.174 0.963 0.817 1.702 0.651 0.648 1.484 0.874 1.468 1.417 1.386 1.494 1.796
1.154 1.696 1.407 1.174 0.963 0.817 1.702 0.651 0.648 1.484 0.874 1.468 1.417 1.386 1.494 1.57
0.952 1.696 1.407 1.174 0.963 0.817 1.702 0.651 0.648 1.484 0.874 1.468 1.417 1.386 1.494 1.702
1.293 1.696 1.407 1.174 0.963 0.817 1.702 0.651 0.648 1.484 0.874 1.468 1.417 1.386 1.494 0.89
1.583 1.696 1.407 1.174 0.963 0.817 1.702 0.651 0.648 1.484 0.874 1.468 1.417 1.386 1.494 1.347
1.457 1.696 1.407 1.174 0.963 0.817 1.702 0.651 0.648 1.484 0.874 1.468 1.417 1.386 1.494 1.588
0.504 1.696 1.407 1.174 0.963 0.817 1.702 0.651 0.648 1.484 0.874 1.468 1.417 1.386 1.494 1.646
1.62 1.696 1.407 1.174 0.963 0.817 1.702 0.651 0.648 1.484 0.874 1.468 1.417 1.386 1.494 0.576
0.959 1.696 1.407 1.174 0.963 0.817 1.702 0.651 0.648 1.484 0.874 1.468 1.417 1.386 1.494 1.118
1.454 1.696 1.407 1.174 0.963 0.817 1.702 0.651 0.648 1.484 0.874 1.468 1.417 1.386 1.494 0.933
0.911 1.696 1.407 1.174 0.963 0.817 1.702 0.651 0.648 1.484 0.874 1.468 1.417 1.386 1.494 1.118
1.615 1.696 1.407 1.174 0.963 0.817 1.702 0.651 0.648 1.484 0.874 1.468 1.417 1.386 1.494 0.791
1.004 1.696 1.407 1.174 0.963 0.817 1.702 0.651 0.648 1.484 0.874 1.468 1.417 1.386 1.494 0.489
1.452 1.696 1.407 1.174 0.963 0.817 1.702 0.651 0.648 1.484 0.874 1.468 1.417 1.386 1.494 1.483
1.267 1.696 1.407 1.174 0.963 0.817 1.702 0.651 0.648 1.484 0.874 1.468 1.417 1.386 1.494 1.23
1.813 1.696 1.407 1.174 0.963 0.817 1.702 0.651 0.648 1.484 0.874 1.468 1.417 1.386 1.494 1.336
1.261 1.696 1.407 1.174 0.963 0.817 1.702 0.651 0.648 1.484 0.874 1.468 1.417 1.386 1.494 1.528
1.201 1.696 1.407 1.174 0.963 0.817 1.702 0.651 0.648 1.484 0.874 1.468 1.417 1.386 1.494 1.362
1.113 1.696 1.407 1.174 0.963 0.817 1.702 0.651 0.648 1.484 0.874 1.468 1.417 1.386 1.494 1.025
0.762 1.696 1.407 1.174 0.963 0.817 1.702 0.651 0.648 1.484 0.874 1.468 1.417 1.386 1.494 1.758
0.608 1.696 1.407 1.174 0.963 0.817 1.702 0.651 0.648 1.484 0.874 1.468 1.417 1.386 1.494 1.737
1.146 1.696 1.407 1.174 0.963 0.817 1.702 0.651 0.648 1.484 0.874 1.468 1.417 1.386 1.494 0.87
1.145 1.696 1.407 1.174 0.963 0.817 1.702 0.651 0.648 1.484 0.874 1.468 1.417 1.386 1.494 1.003
1.946 1.696 1.407 1.174 0.963 0.817 1.702 0.651 0.648 1.484 0.874 1.468 1.417 1.386 1.494 1.484
0.996 1.696 1.407 1.174 0.963 0.817 1.702 0.651 0.648 1.484 0.874 1.468 1.417 1.386 1.494 1.021
1.059 1.696 1.407 1.174 0.963 0.817 1.702 0.651 0.648 1.484 0.874 1.468 1.417 1.386 1.494 1.442
0.97 1.696 1.407 1.174 0.963 0.817 1.702 0.651 0.648 1.484 0.874 1.468 1.417 1.386 1.494 1.757
1.3 1.696 1.407 1.174 0.963 0.817 1.702 0.651 0.648 1.484 0.874 1.468 1.417 1.386 1.494 1.327
0.713 1.696 1.407 1.174 0.963 0.817 1.702 0.651 0.648 1.484 0.874 1.468 1.417 1.386 1.494 1.458
1.934 1.696 1.407 1.174 0.963 0.817 1.702 0.651 0.648 1.484 0.874 1.468 1.417 1.386 1.494 0.79
0.774 1.696 1.407 1.174 0.963 0.817 1.702 0.651 0.648 1.484 0.874 1.468 1.417 1.386 1.494 1.546
1.649 1.696 1.407 1.174 0.963 0.817 1.702 0.651 0.648 1.484 0.874 1.468 1.417 1.386 1.494 0.459
1.145 1.696 1.407 1.174 0.963 0.817 1.702 0.651 0.648 1.484 0.874 1.468 1.417 1.386 1.494 0.955
1.313 1.696 1.407 1.174 0.963 0.817 1.702 0.651 0.648 1.484 0.874 1.468 1.417 1.386 1.494 0.906
1.861 1.696 1.407 1.174 0.963 0.817 1.702 0.651 0.648 1.484 0.874 1.468 1.417 1.386 1.494 1.853
0.981 1.696 1.407 1.174 0.963 0.817 1.702 0.651 0.648 1.484 0.874 1.468 1.417 1.386 1.494 1.252
1.412 1.696 1.407 1.174 0.963 0.817 1.702 0.651 0.648 1.484 0.874 1.468 1.417 1.386 1.494 1.51
0.68 1.696 1.407 1.174 0.963 0.817 1.702 0.651 0.648 1.484 0.874 1.468 1.417 1.386 1.494 1.702
1.341 1.696 1.407 1.174 0.963 0.817 1.702 0.651 0.648 1.484 0.874 1.468 1.417 1.386 1.494 1.685
1.475 1.696 1.407 1.174 0.963 0.817 1.702 0.651 0.648 1.484 0.874 1.468 1.417 1.386 1.494 1.692
0.574 1.696 1.407 1.174 0.963 0.817 1.702 0.651 0.648 1.484 0.874 1.468 1.417 1.386 1.494 0.827
1.836 1.696 1.407 1.174 0.963 0.817 1.702 0.651 0.648 1.484 0.874 1.468 1.417 1.386 1.494 1.235
0.712 1.696 1.407 1.174 0.963 0.817 1.702 0.651 0.648 1.484 0.874 1.468 1.417 1.386 1.494 1.483
1.451 1.696 1.407 1.174 0.963 0.817 1.702 0.651 0.648 1.484 0.874 1.468 1.417 1.386 1.494 1.05
0.66 1.696 1.407 1.174 0.963 0.817 1.702 0.651 0.648 1.484 0.874 1.468 1.417 1.386 1.494 1.234
1.629 1.696 1.407 1.174 0.963 0.817 1.702 0.651 0.648 1.484 0.874 1.468 1.417 1.386 1.494 0.614
0.731 1.696 1.407 1.174 0.963 0.817 1.702 0.651 0.648 1.484 0.874 1.468 1.417 1.386 1.494 1.738
1.221 1.696 1.407 1.174 0.963 0.817 1.702 0.651 0.648 1.484 0.874 1.468 1.417 1.386 1.494 1.796
1.936 1.696 1.407 1.174 0.963 0.817 1.702 0.651 0.648 1.484 0.874 1.468 1.417 1.386 1.494 1.455
1.343 1.696 1.407 1.174 0.963 0.817 1.702 0.651 0.648 1.484 0.874 1.468 1.417 1.386 1.494 0.747
1.318 1.696 1.407 1.174 0.963 0.817 1.702 0.651 0.648 1.484 0.874 1.468 1.417 1.386 1.494 1.068
1.237 1.696 1.407 1.174 0.963 0.817 1.702 0.651 0.648 1.484 0.874 1.468 1.417 1.386 1.494 1.333
1.405 1.696 1.407 1.174 0.963 0.817 1.702 0.651 0.648 1.484 0.874 1.468 1.417 1.386 1.494 1.939
1.794 1.696 1.407 1.174 0.963 0.817 1.702 0.651 0.648 1.484 0.874 1.468 1.417 1.386 1.494 1.786
0.574 1.696 1.407 1.174 0.963 0.817 1.702 0.651 0.648 1.484 0.874 1.468 1.417 1.386 1.494 0.729
0.683 1.696 1.407 1.174 0.963 0.817 1.702 0.651 0.648 1.484 0.874 1.468 1.417 1.386 1.494 0.779
0.777 1.696 1.407 1.174 0.963 0.817 1.702 0.651 0.648 1.484 0.874 1.468 1.417 1.386 1.494 1.875
1.446 1.696 1.407 1.174 0.963 0.817 1.702 0.651 0.648 1.484 0.874 1.468 1.417 1.386 1.494 1.731
1.234 1.696 1.407 1.174 0.963 0.817 1.702 0.651 0.648 1.484 0.874 1.468 1.417 1.386 1.494 1.609
0.937 1.696 1.407 1.174 0.963 0.817 1.702 0.651 0.648 1.484 0.874 1.468 1.417 1.386 1.494 1.686
0.675 1.696 1.407 1.174 0.963 0.817 1.702 0.651 0.648 1.484 0.874 1.468 1.417 1.386 1.494 1.897
1.704 1.696 1.407 1.174 0.963 0.817 1.702 0.651 0.648 1.484 0.874 1.468 1.417 1.386 1.494 0.904
0.677 1.696 1.407 1.174 0.963 0.817 1.702 0.651 0.648 1.484 0.874 1.468 1.417 1.386 1.494 1.58
1.125 1.696 1.407 1.174 0.963 0.817 1.702 0.651 0.648 1.484 0.874 1.468 1.417 1.386 1.494 0.72
0.887 1.696 1.407 1.174 0.963 0.817 1.702 0.651 0.648 1.484 0.874 1.468 1.417 1.386 1.494 1.436
1.334 1.696 1.407 1.174 0.963 0.817 1.702 0.651 0.648 1.484 0.874 1.468 1.417 1.386 1.494 1.234
1.644 1.696 1.407 1.174 0.963 0.817 1.702 0.651 0.648 1.484 0.874 1.468 1.417 1.386 1.494 1.493
1.499 1.696 1.407 1.174 0.963 0.817 1.702 0.651 0.648 1.484 0.874 1.468 1.417 1.386 1.494 0.974
0.429 1.696 1.407 1.174 0.963 0.817 1.702 0.651 0.648 1.484 0.874 1.468 1.417 1.386 1.494 1.428
1.22 1.696 1.407 1.174 0.963 0.817 1.702 0.651 0.648 1.484 0.874 1.468 1.417 1.386 1.494 0.99
0.967 1.696 1.407 1.174 0.963 0.817 1.702 0.651 0.648 1.484 0.874 1.468 1.417 1.386 1.494 0.621
1.531 1.696 1.407 1.174 0.963 0.817 1.702 0.651 0.648 1.484 0.874 1.468 1.417 1.386 1.494 1.289
1.174 1.696 1.407 1.174 0.963 0.817 1.702 0.651 0.648 1.484 0.874 1.468 1.417 1.386 1.494 1.192
1.203 1.696 1.407 1.174 0.963 0.817 1.702 0.651 0.648 1.484 0.874 1.468 1.417 1.386 1.494 1.919
0.676 1.696 1.407 1.174 0.963 0.817 1.702 0.651 0.648 1.484 0.874 1.468 1.417 1.386 1.494 1.133
0.861 1.696 1.407 1.174 0.963 0.817 1.702 0.651 0.648 1.484 0.874 1.468 1.417 1.386 1.494 1.437
1.731 1.696 1.407 1.174 0.963 0.817 1.702 0.651 0.648 1.484 0.874 1.468 1.417 1.386 1.494 1.615
1.452 1.696 1.407 1.174 0.963 0.817 1.702 0.651 0.648 1.484 0.874 1.468 1.417 1.386 1.494 1.714
1.664 1.696 1.407 1.174 0.963 0.817 1.702 0.651 0.648 1.484 0.874 1.468 1.417 1.386 1.494 1.563
0.963 1.696 1.407 1.174 0.963 0.817 1.702 0.651 0.648 1.484 0.874 1.468 1.417 1.386 1.494 1.464
0.699 1.696 1.407 1.174 0.963 0.817 1.702 0.651 0.648 1.484 0.874 1.468 1.417 1.386 1.494 0.834
0.455 1.696 1.407 1.174 0.963 0.817 1.702 0.651 0.648 1.484 0.874 1.468 1.417 1.386 1.494 0.854
1.554 1.696 1.407 1.174 0.963 0.817 1.702 0.651 0.648 1.484 0.874 1.468 1.417 1.386 1.494 0.686
1.695 1.696 1.407 1.174 0.963 0.817 1.702 0.651 0.648 1.484 0.874 1.468 1.417 1.386 1.494 1.902
1.35 1.696 1.407 1.174 0.963 0.817 1.702 0.651 0.648 1.484 0.874 1.468 1.417 1.386 1.494 1.908
0.968 1.696 1.407 1.174 0.963 0.817 1.702 0.651 0.648 1.484 0.874 1.468 1.417 1.386 1.494 0.86
1.277 1.696 1.407 1.174 0.963 0.817 1.702 0.651 0.648 1.484 0.874 1.468 1.417 1.386 1.494 1.216
1.326 1.696 1.407 1.174 0.963 0.817 1.702 0.651 0.648 1.484 0.874 1.468 1.417 1.386 1.494 1.758
1.202 1.696 1.407 1.174 0.963 0.817 1.702 0.651 0.648 1.484 0.874 1.468 1.417 1.386 1.494 1.468
1.822 1.696 1.407 1.174 0.963 0.817 1.702 0.651 0.648 1.484 0.874 1.468 1.417 1.386 1.494 0.848
0.676 1.696 1.407 1.174 0.963 0.817 1.702 0.651 0.648 1.484 0.874 1.468 1.417 1.386 1.494 0.622
1.048 1.696 1.407 1.174 0.963 0.817 1.702 0.651 0.648 1.484 0.874 1.468 1.417 1.386 1.494 0.471
1.541 1.696 1.407 1.174 0.963 0.817 1.702 0.651 0.648 1.484 0.874 1.468 1.417 1.386 1.494 1.179
0.454 1.696 1.407 1.174 0.963 0.817 1.702 0.651 0.648 1.484 0.874 1.468 1.417 1.386 1.494 1.638
1.579 1.696 1.407 1.174 0.963 0.817 1.702 0.651 0.648 1.484 0.874 1.468 1.417 1.386 1.494 1.703
1.376 1.696 1.407 1.174 0.963 0.817 1.702 0.651 0.648 1.484 0.874 1.468 1.417 1.386 1.494 1.211
1.328 1.696 1.407 1.174 0.963 0.817 1.702 0.651 0.648 1.484 0.874 1.468 1.417 1.386 1.494 1.326
1.042 1.696 1.407 1.174 0.963 0.817 1.702 0.651 0.648 1.484 0.874 1.468 1.417 1.386 1.494 1.503
1.925 1.696 1.407 1.174 0.963 0.817 1.702 0.651 0.648 1.484 0.874 1.468 1.417 1.386 1.494 0.445
1.68 1.696 1.407 1.174 0.963 0.817 1.702 0.651 0.648 1.484 0.874 1.468 1.417 1.386 1.494 1.371
1.244 1.696 1.407 1.174 0.963 0.817 1.702 0.651 0.648 1.484 0.874 1.468 1.417 1.386 1.494 0.512
1.179 1.696 1.407 1.174 0.963 0.817 1.702 0.651 0.648 1.484 0.874 1.468 1.417 1.386 1.494 1.853
1.094 1.696 1.407 1.174 0.963 0.817 1.702 0.651 0.648 1.484 0.874 1.468 1.417 1.386 1.494 1.502
1.461 1.696 1.407 1.174 0.963 0.817 1.702 0.651 0.648 1.484 0.874 1.468 1.417 1.386 1.494 1.335
1.699 1.696 1.407 1.174 0.963 0.817 1.702 0.651 0.648 1.484 0.874 1.468 1.417 1.386 1.494 1.685
1.364 1.696 1.407 1.174 0.963 0.817 1.702 0.651 0.648 1.484 0.874 1.468 1.417 1.386 1.494 1.366
1.41 1.696 1.407 1.174 0.963 0.817 1.702 0.651 0.648 1.484 0.874 1.468 1.417 1.386 1.494 1.226
1.134 1.696 1.407 1.174 0.963 0.817 1.702 0.651 0.648 1.484 0.874 1.468 1.417 1.386 1.494 1.471
1.66 1.696 1.407 1.174 0.963 0.817 1.702 0.651 0.648 1.484 0.874 1.468 1.417 1.386 1.494 1.274
1.767 1.696 1.407 1.174 0.963 0.817 1.702 0.651 0.648 1.484 0.874 1.468 1.417 1.386 1.494 1.037
1.291 1.696 1.407 1.174 0.963 0.817 1.702 0.651 0.648 1.484 0.874 1.468 1.417 1.386 1.494 0.692
1.019 1.696 1.407 1.174 0.963 0.817 1.702 0.651 0.648 1.484 0.874 1.468 1.417 1.386 1.494 1.975
1.504 1.696 1.407 1.174 0.963 0.817 1.702 0.651 0.648 1.484 0.874 1.468 1.417 1.386 1.494 1.244
1.019 1.696 1.407 1.174 0.963 0.817 1.702 0.651 0.648 1.484 0.874 1.468 1.417 1.386 1.494 1.393
1.464 1.696 1.407 1.174 0.963 0.817 1.702 0.651 0.648 1.484 0.874 1.468 1.417 1.386 1.494 1.097
1.673 1.696 1.407 1.174 0.963 0.817 1.702 0.651 0.648 1.484 0.874 1.468 1.417 1.386 1.494 1.574
0.991 1.696 1.407 1.174 0.963 0.817 1.702 0.651 0.648 1.484 0.874 1.468 1.417 1.386 1.494 1.671
1.649 1.696 1.407 1.174 0.963 0.817 1.702 0.651 0.648 1.484 0.874 1.468 1.417 1.386 1.494 0.691
0.465 1.696 1.407 1.174 0.963 0.817 1.702 0.651 0.648 1.484 0.874 1.468 1.417 1.386 1.494 0.623
0.939 1.696 1.407 1.174 0.963 0.817 1.702 0.651 0.648 1.484 0.874 1.468 1.417 1.386 1.494 1.042
0.482 1.696 1.407 1.174 0.963 0.817 1.702 0.651 0.648 1.484 0.874 1.468 1.417 1.386 1.494 1.567
0.485 1.696 1.407 1.174 0.963 0.817 1.702 0.651 0.648 1.484 0.874 1.468 1.417 1.386 1.494 1.57
1.476 1.696 1.407 1.174 0.963 0.817 1.702 0.651 0.648 1.484 0.874 1.468 1.417 1.386 1.494 0.355
1.653 1.696 1.407 1.174 0.963 0.817 1.702 0.651 0.648 1.484 0.874 1.468 1.417 1.386 1.494 0.895
1.334 1.696 1.407 1.174 0.963 0.817 1.702 0.651 0.648 1.484 0.874 1.468 1.417 1.386 1.494 0.907
1.574 1.696 1.407 1.174 0.963 0.817 1.702 0.651 0.648 1.484 0.874 1.468 1.417 1.386 1.494 1.525
1.377 1.696 1.407 1.174 0.963 0.817 1.702 0.651 0.648 1.484 0.874 1.468 1.417 1.386 1.494 1.474
0.773 1.696 1.407 1.174 0.963 0.817 1.702 0.651 0.648 1.484 0.874 1.468 1.417 1.386 1.494 1.117
0.483 1.696 1.407 1.174 0.963 0.817 1.702 0.651 0.648 1.484 0.874 1.468 1.417 1.386 1.494 0.383
1.149 1.696 1.407 1.174 0.963 0.817 1.702 0.651 0.648 1.484 0.874 1.468 1.417 1.386 1.494 1.861
1.644 1.696 1.407 1.174 0.963 0.817 1.702 0.651 0.648 1.484 0.874 1.468 1.417 1.386 1.494 1.043
0.662 1.696 1.407 1.174 0.963 0.817 1.702 0.651 0.648 1.484 0.874 1.468 1.417 1.386 1.494 1.546
0.822 1.696 1.407 1.174 0.963 0.817 1.702 0.651 0.648 1.484 0.874 1.468 1.417 1.386 1.494 0.839
1.21 1.696 1.407 1.174 0.963 0.817 1.702 0.651 0.648 1.484 0.874 1.468 1.417 1.386 1.494 0.457
1.938 1.696 1.407 1.174 0.963 0.817 1.702 0.651 0.648 1.484 0.874 1.468 1.417 1.386 1.494 0.623
0.812 1.696 1.407 1.174 0.963 0.817 1.702 0.651 0.648 1.484 0.874 1.468 1.417 1.386 1.494 1.174
1.305 1.696 1.407 1.174 0.963 0.817 1.702 0.651 0.648 1.484 0.874 1.468 1.417 1.386 1.494 1.318
1.621 1.696 1.407 1.174 0.963 0.817 1.702 0.651 0.648 1.484 0.874 1.468 1.417 1.386 1.494 1.308
1.476 1.696 1.407 1.174 0.963 0.817 1.702 0.651 0.648 1.484 0.874 1.468 1.417 1.386 1.494 1.115
1.466 1.696 1.407 1.174 0.963 0.817 1.702 0.651 0.648 1.484 0.874 1.468 1.417 1.386 1.494 1.112
0.246 1.696 1.407 1.174 0.963 0.817 1.702 0.651 0.648 1.484 0.874 1.468 1.417 1.386 1.494 0.403
0.632 1.696 1.407 1.174 0.963 0.817 1.702 0.651 0.648 1.484 0.874 1.468 1.417 1.386 1.494 0.803
1.174 1.696 1.407 1.174 0.963 0.817 1.702 0.651 0.648 1.484 0.874 1.468 1.417 1.386 1.494 1.168
1.576 1.696 1.407 1.174 0.963 0.817 1.702 0.651 0.648 1.484 0.874 1.468 1.417 1.386 1.494 1.415
0.905 1.696 1.407 1.174 0.963 0.817 1.702 0.651 0.648 1.484 0.874 1.468 1.417 1.386 1.494 0.418
0.832 1.696 1.407 1.174 0.963 0.817 1.702 0.651 0.648 1.484 0.874 1.468 1.417 1.386 1.494 1.151
1.592 1.696 1.407 1.174 0.963 0.817 1.702 0.651 0.648 1.484 0.874 1.468 1.417 1.386 1.494 0.55
1.47 1.696 1.407 1.174 0.963 0.817 1.702 0.651 0.648 1.484 0.874 1.468 1.417 1.386 1.494 0.561
1.91 1.696 1.407 1.174 0.963 0.817 1.702 0.651 0.648 1.484 0.874 1.468 1.417 1.386 1.494 1.689
1.493 1.696 1.407 1.174 0.963 0.817 1.702 0.651 0.648 1.484 0.874 1.468 1.417 1.386 1.494 0.941
1.332 1.696 1.407 1.174 0.963 0.817 1.702 0.651 0.648 1.484 0.874 1.468 1.417 1.386 1.494 1.274
0.528 1.696 1.407 1.174 0.963 0.817 1.702 0.651 0.648 1.484 0.874 1.468 1.417 1.386 1.494 1.639
1.217 1.696 1.407 1.174 0.963 0.817 1.702 0.651 0.648 1.484 0.874 1.468 1.417 1.386 1.494 1.828
1.841 1.696 1.407 1.174 0.963 0.817 1.702 0.651 0.648 1.484 0.874 1.468 1.417 1.386 1.494 1.703
1.056 1.696 1.407 1.174 0.963 0.817 1.702 0.651 0.648 1.484 0.874 1.468 1.417 1.386 1.494 1.416
1.549 1.696 1.407 1.174 0.963 0.817 1.702 0.651 0.648 1.484 0.874 1.468 1.417 1.386 1.494 1.31
1.837 1.696 1.407 1.174 0.963 0.817 1.702 0.651 0.648 1.484 0.874 1.468 1.417 1.386 1.494 1.542
1.02 1.696 1.407 1.174 0.963 0.817 1.702 0.651 0.648 1.484 0.874 1.468 1.417 1.386 1.494 0.73
0.661 1.696 1.407 1.174 0.963 0.817 1.702 0.651 0.648 1.484 0.874 1.468 1.417 1.386 1.494 1.398
0.864 1.696 1.407 1.174 0.963 0.817 1.702 0.651 0.648 1.484 0.874 1.468 1.417 1.386 1.494 0.691
1.592 1.696 1.407 1.174 0.963 0.817 1.702 0.651 0.648 1.484 0.874 1.468 1.417 1.386 1.494 0.772
1.339 1.696 1.407 1.174 0.963 0.817 1.702 0.651 0.648 1.484 0.874 1.468 1.417 1.386 1.494 1.537
0.902 1.696 1.407 1.174 0.963 0.817 1.702 0.651 0.648 1.484 0.874 1.468 1.417 1.386 1.494 1.564
0.817 1.696 1.407 1.174 0.963 0.817 1.702 0.651 0.648 1.484 0.874 1.468 1.417 1.386 1.494 0.799
1.752 1.696 1.407 1.174 0.963 0.817 1.702 0.651 0.648 1.484 0.874 1.468 1.417 1.386 1.494 1.331
0.867 1.696 1.407 1.174 0.963 0.817 1.702 0.651 0.648 1.484 0.874 1.468 1.417 1.386 1.494 1.578
1.453 1.696 1.407 1.174 0.963 0.817 1.702 0.651 0.648 1.484 0.874 1.468 1.417 1.386 1.494 0.967
0.947 1.696 1.407 1.174 0.963 0.817 1.702 0.651 0.648 1.484 0.874 1.468 1.417 1.386 1.494 1.536
0.461 1.696 1.407 1.174 0.963 0.817 1.702 0.651 0.648 1.484 0.874 1.468 1.417 1.386 1.494 0.779
1.449 1.696 1.407 1.174 0.963 0.817 1.702 0.651 0.648 1.484 0.874 1.468 1.417 1.386 1.494 1.928
1.191 1.696 1.407 1.174 0.963 0.817 1.702 0.651 0.648 1.484 0.874 1.468 1.417 1.386 1.494 1.367
1.399 1.696 1.407 1.174 0.963 0.817 1.702 0.651 0.648 1.484 0.874 1.468 1.417 1.386 1.494 1.378
0.94 1.696 1.407 1.174 0.963 0.817 1.702 0.651 0.648 1.484 0.874 1.468 1.417 1.386 1.494 1.639
1.423 1.696 1.407 1.174 0.963 0.817 1.702 0.651 0.648 1.484 0.874 1.468 1.417 1.386 1.494 0.5
1.929 1.696 1.407 1.174 0.963 0.817 1.702 0.651 0.648 1.484 0.874 1.468 1.417 1.386 1.494 1.382
0.614 1.696 1.407 1.174 0.963 0.817 1.702 0.651 0.648 1.484 0.874 1.468 1.417 1.386 1.494 1.229
1.947 1.696 1.407 1.174 0.963 0.817 1.702 0.651 0.648 1.484 0.874 1.468 1.417 1.386 1.494 1.718
1.588 1.696 1.407 1.174 0.963 0.817 1.702 0.651 0.648 1.484 0.874 1.468 1.417 1.386 1.494 0.607
0.624 1.696 1.407 1.174 0.963 0.817 1.702 0.651 0.648 1.484 0.874 1.468 1.417 1.386 1.494 1.631
0.717 1.696 1.407 1.174 0.963 0.817 1.702 0.651 0.648 1.484 0.874 1.468 1.417 1.386 1.494 1.497
1.188 1.696 1.407 1.174 0.963 0.817 1.702 0.651 0.648 1.484 0.874 1.468 1.417 1.386 1.494 1.423
1.153 1.696 1.407 1.174 0.963 0.817 1.702 0.651 0.648 1.484 0.874 1.468 1.417 1.386 1.494 1.179
0.763 1.696 1.407 1.174 0.963 0.817 1.702 0.651 0.648 1.484 0.874 1.468 1.417 1.386 1.494 0.722
0.768 1.696 1.407 1.174 0.963 0.817 1.702 0.651 0.648 1.484 0.874 1.468 1.417 1.386 1.494 0.594
0.454 1.696 1.407 1.174 0.963 0.817 1.702 0.651 0.648 1.484 0.874 1.468 1.417 1.386 1.494 0.598
1.912 1.696 1.407 1.174 0.963 0.817 1.702 0.651 0.648 1.484 0.874 1.468 1.417 1.386 1.494 1.416
0.759 1.696 1.407 1.174 0.963 0.817 1.702 0.651 0.648 1.484 0.874 1.468 1.417 1.386 1.494 1.914
1.072 1.696 1.407 1.174 0.963 0.817 1.702 0.651 0.648 1.484 0.874 1.468 1.417 1.386 1.494 1.018
1.341 1.696 1.407 1.174 0.963 0.817 1.702 0.651 0.648 1.484 0.874 1.468 1.417 1.386 1.494 1.547
1.115 1.696 1.407 1.174 0.963 0.817 1.702 0.651 0.648 1.484 0.874 1.468 1.417 1.386 1.494 1.243
0.958 1.696 1.407 1.174 0.963 0.817 1.702 0.651 0.648 1.484 0.874 1.468 1.417 1.386 1.494 1.804
0.929 1.696 1.407 1.174 0.963 0.817 1.702 0.651 0.648 1.484 0.874 1.468 1.417 1.386 1.494 0.565
0.654 1.696 1.407 1.174 0.963 0.817 1.702 0.651 0.648 1.484 0.874 1.468 1.417 1.386 1.494 1.023
1.388 1.696 1.407 1.174 0.963 0.817 1.702 0.651 0.648 1.484 0.874 1.468 1.417 1.386 1.494 1.304
0.735 1.696 1.407 1.174 0.963 0.817 1.702 0.651 0.648 1.484 0.874 1.468 1.417 1.386 1.494 1.391
1.081 1.696 1.407 1.174 0.963 0.817 1.702 0.651 0.648 1.484 0.874 1.468 1.417 1.386 1.494 0.804
1.664 1.696 1.407 1.174 0.963 0.817 1.702 0.651 0.648 1.484 0.874 1.468 1.417 1.386 1.494 1.046
0.804 1.696 1.407 1.174 0.963 0.817 1.702 0.651 0.648 1.484 0.874 1.468 1.417 1.386 1.494 0.417
1.177 1.696 1.407 1.174 0.963 0.817 1.702 0.651 0.648 1.484 0.874 1.468 1.417 1.386 1.494 0.588
1.664 1.696 1.407 1.174 0.963 0.817 1.702 0.651 0.648 1.484 0.874 1.468 1.417 1.386 1.494 1.336
1.326 1.696 1.407 1.174 0.963 0.817 1.702 0.651 0.648 1.484 0.874 1.468 1.417 1.386 1.494 1.811
1.197 1.696 1.407 1.174 0.963 0.817 1.702 0.651 0.648 1.484 0.874 1.468 1.417 1.386 1.494 1.566
1.4 1.696 1.407 1.174 0.963 0.817 1.702 0.651 0.648 1.484 0.874 1.468 1.417 1.386 1.494 1.525
1.08 1.696 1.407 1.174 0.963 0.817 1.702 0.651 0.648 1.484 0.874 1.468 1.417 1.386 1.494 0.996
0.961 1.696 1.407 1.174 0.963 0.817 1.702 0.651 0.648 1.484 0.874 1.468 1.417 1.386 1.494 1.462
1.415 1.696 1.407 1.174 0.963 0.817 1.702 0.651 0.648 1.484 0.874 1.468 1.417 1.386 1.494 0.865
1.381 1.696 1.407 1.174 0.963 0.817 1.702 0.651 0.648 1.484 0.874 1.468 1.417 1.386 1.494 1.77
0.468 1.696 1.407 1.174 0.963 0.817 1.702 0.651 0.648 1.484 0.874 1.468 1.417 1.386 1.494 0.837
1.444 1.696 1.407 1.174 0.963 0.817 1.702 0.651 0.648 1.484 0.874 1.468 1.417 1.386 1.494 1.22
1.357 1.696 1.407 1.174 0.963 0.817 1.702 0.651 0.648 1.484 0.874 1.468 1.417 1.386 1.494 0.713
1.493 1.696 1.407 1.174 0.963 0.817 1.702 0.651 0.648 1.484 0.874 1.468 1.417 1.386 1.494 1.481
0.505 1.696 1.407 1.174 0.963 0.817 1.702 0.651 0.648 1.484 0.874 1.468 1.417 1.386 1.494 1.662
1.089 1.696 1.407 1.174 0.963 0.817 1.702 0.651 0.648 1.484 0.874 1.468 1.417 1.386 1.494 0.91
1.151 1.696 1.407 1.174 0.963 0.817 1.702 0.651 0.648 1.484 0.874 1.468 1.417 1.386 1.494 1.68
1.074 1.696 1.407 1.174 0.963 0.817 1.702 0.651 0.648 1.484 0.874 1.468 1.417 1.386 1.494 0.885
0.727 1.696 1.407 1.174 0.963 0.817 1.702 0.651 0.648 1.484 0.874 1.468 1.417 1.386 1.494 0.911
1.81 1.696 1.407 1.174 0.963 0.817 1.702 0.651 0.648 1.484 0.874 1.468 1.417 1.386 1.494 1.419
0.47 1.696 1.407 1.174 0.963 0.817 1.702 0.651 0.648 1.484 0.874 1.468 1.417 1.386 1.494 0.509
1.099 1.696 1.407 1.174 0.963 0.817 1.702 0.651 0.648 1.484 0.874 1.468 1.417 1.386 1.494 1.692
1.769 1.696 1.407 1.174 0.963 0.817 1.702 0.651 0.648 1.484 0.874 1.468 1.417 1.386 1.494 1.493
0.666 1.696 1.407 1.174 0.963 0.817 1.702 0.651 0.648 1.484 0.874 1.468 1.417 1.386 1.494 1.388
1.427 1.696 1.407 1.174 0.963 0.817 1.702 0.651 0.648 1.484 0.874 1.468 1.417 1.386 1.494 1.266
1.675 1.696 1.407 1.174 0.963 0.817 1.702 0.651 0.648 1.484 0.874 1.468 1.417 1.386 1.494 0.879
0.379 1.696 1.407 1.174 0.963 0.817 1.702 0.651 0.648 1.484 0.874 1.468 1.417 1.386 1.494 0.913
0.823 1.696 1.407 1.174 0.963 0.817 1.702 0.651 0.648 1.484 0.874 1.468 1.417 1.386 1.494 1.271
1.535 1.696 1.407 1.174 0.963 0.817 1.702 0.651 0.648 1.484 0.874 1.468 1.417 1.386 1.494 0.851
1.152 1.696 1.407 1.174 0.963 0.817 1.702 0.651 0.648 1.484 0.874 1.468 1.417 1.386 1.494 1.526
1.048 1.696 1.407 1.174 0.963 0.817 1.702 0.651 0.648 1.484 0.874 1.468 1.417 1.386 1.494 1.042
1.347 1.696 1.407 1.174 0.963 0.817 1.702 0.651 0.648 1.484 0.874 1.468 1.417 1.386 1.494 0.591
1.52 1.696 1.407 1.174 0.963 0.817 1.702 0.651 0.648 1.484 0.874 1.468 1.417 1.386 1.494 1.066
1.48 1.696 1.407 1.174 0.963 0.817 1.702 0.651 0.648 1.484 0.874 1.468 1.417 1.386 1.494 1.427
1.005 1.696 1.407 1.174 0.963 0.817 1.702 0.651 0.648 1.484 0.874 1.468 1.417 1.386 1.494 0.654
0.765 1.696 1.407 1.174 0.963 0.817 1.702 0.651 0.648 1.484 0.874 1.468 1.417 1.386 1.494 1.233
1.582 1.696 1.407 1.174 0.963 0.817 1.702 0.651 0.648 1.484 0.874 1.468 1.417 1.386 1.494 0.637
0.523 1.696 1.407 1.174 0.963 0.817 1.702 0.651 0.648 1.484 0.874 1.468 1.417 1.386 1.494 0.874
0.451 1.696 1.407 1.174 0.963 0.817 1.702 0.651 0.648 1.484 0.874 1.468 1.417 1.386 1.494 1.012
1.582 1.696 1.407 1.174 0.963 0.817 1.702 0.651 0.648 1.484 0.874 1.468 1.417 1.386 1.494 1.294
1.193 1.696 1.407 1.174 0.963 0.817 1.702 0.651 0.648 1.484 0.874 1.468 1.417 1.386 1.494 0.982
0.778 1.696 1.407 1.174 0.963 0.817 1.702 0.651 0.648 1.484 0.874 1.468 1.417 1.386 1.494 1.494
1.199 1.696 1.407 1.174 0.963 0.817 1.702 0.651 0.648 1.484 0.874 1.468 1.417 1.386 1.494 1.322
1.103 1.696 1.407 1.174 0.963 0.817 1.702 0.651 0.648 1.484 0.874 1.468 1.417 1.386 1.494 1.224
1.756 1.696 1.407 1.174 0.963 0.817 1.702 0.651 0.648 1.484 0.874 1.468 1.417 1.386 1.494 1.546
0.939 1.696 1.407 1.174 0.963 0.817 1.702 0.651 0.648 1.484 0.874 1.468 1.417 1.386 1.494 0.884
1.032 1.696 1.407 1.174 0.963 0.817 1.702 0.651 0.648 1.484 0.874 1.468 1.417 1.386 1.494 1.364
1.567 1.696 1.407 1.174 0.963 0.817 1.702 0.651 0.648 1.484 0.874 1.468 1.417 1.386 1.494 1.295
0.986 1.696 1.407 1.174 0.963 0.817 1.702 0.651 0.648 1.484 0.874 1.468 1.417 1.386 1.494 1.287
0.56 1.696 1.407 1.174 0.963 0.817 1.702 0.651 0.648 1.484 0.874 1.468 1.417 1.386 1.494 1.51
1.184 1.696 1.407 1.174 0.963 0.817 1.702 0.651 0.648 1.484 0.874 1.468 1.417 1.386 1.494 1.782
1.642 1.696 1.407 1.174 0.963 0.817 1.702 0.651 0.648 1.484 0.874 1.468 1.417 1.386 1.494 0.673
1.093 1.696 1.407 1.174 0.963 0.817 1.702 0.651 0.648 1.484 0.874 1.468 1.417 1.386 1.494 1.688
1.603 1.696 1.407 1.174 0.963 0.817 1.702 0.651 0.648 1.484 0.874 1.468 1.417 1.386 1.494 1.392
1.368 1.696 1.407 1.174 0.963 0.817 1.702 0.651 0.648 1.484 0.874 1.468 1.417 1.386 1.494 1.397
0.682 1.696 1.407 1.174 0.963 0.817 1.702 0.651 0.648 1.484 0.874 1.468 1.417 1.386 1.494 0.955
1.673 1.696 1.407 1.174 0.963 0.817 1.702 0.651 0.648 1.484 0.874 1.468 1.417 1.386 1.494 1.291
1.03 1.696 1.407 1.174 0.963 0.817 1.702 0.651 0.648 1.484 0.874 1.468 1.417 1.386 1.494 1.694
1.249 1.696 1.407 1.174 0.963 0.817 1.702 0.651 0.648 1.484 0.874 1.468 1.417 1.386 1.494 1.914
1.737 1.696 1.407 1.174 0.963 0.817 1.702 0.651 0.648 1.484 0.874 1.468 1.417 1.386 1.494 1.475
1.408 1.696 1.407 1.174 0.963 0.817 1.702 0.651 0.648 1.484 0.874 1.468 1.417 1.386 1.494 1.833
0.962 1.696 1.407 1.174 0.963 0.817 1.702 0.651 0.648 1.484 0.874 1.468 1.417 1.386 1.494 1.418
1.3 1.696 1.407 1.174 0.963 0.817 1.702 0.651 0.648 1.484 0.874 1.468 1.417 1.386 1.494 0.63
1.366 1.696 1.407 1.174 0.963 0.817 1.702 0.651 0.648 1.484 0.874 1.468 1.417 1.386 1.494 1.607
0.858 1.696 1.407 1.174 0.963 0.817 1.702 0.651 0.648 1.484 0.874 1.468 1.417 1.386 1.494 1.028
1.295 1.696 1.407 1.174 0.963 0.817 1.702 0.651 0.648 1.484 0.874 1.468 1.417 1.386 1.494 0.976
1.106 1.696 1.407 1.174 0.963 0.817 1.702 0.651 0.648 1.484 0.874 1.468 1.417 1.386 1.494 0.548
1.285 1.696 1.407 1.174 0.963 0.817 1.702 0.651 0.648 1.484 0.874 1.468 1.417 1.386 1.494 1.028
0.644 1.696 1.407 1.174 0.963 0.817 1.702 0.651 0.648 1.484 0.874 1.468 1.417 1.386 1.494 1.832
1.581 1.696 1.407 1.174 0.963 0.817 1.702 0.651 0.648 1.484 0.874 1.468 1.417 1.386 1.494 1.645
1.26 1.696 1.407 1.174 0.963 0.817 1.702 0.651 0.648 1.484 0.874 1.468 1.417 1.386 1.494 1.793
0.68 1.696 1.407 1.174 0.963 0.817 1.702 0.651 0.648 1.484 0.874 1.468 1.417 1.386 1.494 0.88
1.902 1.696 1.407 1.174 0.963 0.817 1.702 0.651 0.648 1.484 0.874 1.468 1.417 1.386 1.494 0.789
1.644 1.696 1.407 1.174 0.963 0.817 1.702 0.651 0.648 1.484 0.874 1.468 1.417 1.386 1.494 0.785
1.729 1.696 1.407 1.174 0.963 0.817 1.702 0.651 0.648 1.484 0.874 1.468 1.417 1.386 1.494 1.437
1.577 1.696 1.407 1.174 0.963 0.817 1.702 0.651 0.648 1.484 0.874 1.468 1.417 1.386 1.494 0.769
1.518 1.696 1.407 1.174 0.963 0.817 1.702 0.651 0.648 1.484 0.874 1.468 1.417 1.386 1.494 1.65
1.682 1.696 1.407 1.174 0.963 0.817 1.702 0.651 0.648 1.484 0.874 1.468 1.417 1.386 1.494 1.637
0.409 1.696 1.407 1.174 0.963 0.817 1.702 0.651 0.648 1.484 0.874 1.468 1.417 1.386 1.494 1.024
1.694 1.696 1.407 1.174 0.963 0.817 1.702 0.651 0.648 1.484 0.874 1.468 1.417 1.386 1.494 1.063
1.219 1.696 1.407 1.174 0.963 0.817 1.702 0.651 0.648 1.484 0.874 1.468 1.417 1.386 1.494 0.702
0.784 1.696 1.407 1.174 0.963 0.817 1.702 0.651 0.648 1.484 0.874 1.468 1.417 1.386 1.494 0.995
0.478 1.696 1.407 1.174 0.963 0.817 1.702 0.651 0.648 1.484 0.874 1.468 1.417 1.386 1.494 1.642
1.053 1.696 1.407 1.174 0.963 0.817 1.702 0.651 0.648 1.484 0.874 1.468 1.417 1.386 1.494 1.304
0.825 1.696 1.407 1.174 0.963 0.817 1.702 0.651 0.648 1.484 0.874 1.468 1.417 1.386 1.494 1.82
1.214 1.696 1.407 1.174 0.963 0.817 1.702 0.651 0.648 1.484 0.874 1.468 1.417 1.386 1.494 1.589
1.721 1.696 1.407 1.174 0.963 0.817 1.702 0.651 0.648 1.484 0.874 1.468 1.417 1.386 1.494 1.627
1.087 1.696 1.407 1.174 0.963 0.817 1.702 0.651 0.648 1.484 0.874 1.468 1.417 1.386 1.494 1.395
1.583 1.696 1.407 1.174 0.963 0.817 1.702 0.651 0.648 1.484 0.874 1.468 1.417 1.386 1.494 1.615
0.812 1.696 1.407 1.174 0.963 0.817 1.702 0.651 0.648 1.484 0.874 1.468 1.417 1.386 1.494 0.555
1.094 1.696 1.407 1.174 0.963 0.817 1.702 0.651 0.648 1.484 0.874 1.468 1.417 1.386 1.494 0.594
1.573 1.696 1.407 1.174 0.963 0.817 1.702 0.651 0.648 1.484 0.874 1.468 1.417 1.386 1.494 0.787
0.344 1.696 1.407 1.174 0.963 0.817 1.702 0.651 0.648 1.484 0.874 1.468 1.417 1.386 1.494 0.788
0.482 1.696 1.407 1.174 0.963 0.817 1.702 0.651 0.648 1.484 0.874 1.468 1.417 1.386 1.494 0.423
1.597 1.696 1.407 1.174 0.963 0.817 1.702 0.651 0.648 1.484 0.874 1.468 1.417 1.386 1.494 0.949
1.165 1.696 1.407 1.174 0.963 0.817 1.702 0.651 0.648 1.484 0.874 1.468 1.417 1.386 1.494 1.344
1.743 1.696 1.407 1.174 0.963 0.817 1.702 0.651 0.648 1.484 0.874 1.468 1.417 1.386 1.494 0.756
0.958 1.696 1.407 1.174 0.963 0.817 1.702 0.651 0.648 1.484 0.874 1.468 1.417 1.386 1.494 1.124
1.428 1.696 1.407 1.174 0.963 0.817 1.702 0.651 0.648 1.484 0.874 1.468 1.417 1.386 1.494 1.721
1.079 1.696 1.407 1.174 0.963 0.817 1.702 0.651 0.648 1.484 0.874 1.468 1.417 1.386 1.494 1.038
1.595 1.696 1.407 1.174 0.963 0.817 1.702 0.651 0.648 1.484 0.874 1.468 1.417 1.386 1.494 1.593
1.364 1.696 1.407 1.174 0.963 0.817 1.702 0.651 0.648 1.484 0.874 1.468 1.417 1.386 1.494 1.602
1.209 1.696 1.407 1.174 0.963 0.817 1.702 0.651 0.648 1.484 0.874 1.468 1.417 1.386 1.494 0.997
1.618 1.696 1.407 1.174 0.963 0.817 1.702 0.651 0.648 1.484 0.874 1.468 1.417 1.386 1.494 0.961
1.273 1.696 1.407 1.174 0.963 0.817 1.702 0.651 0.648 1.484 0.874 1.468 1.417 1.386 1.494 1.818
0.464 1.696 1.407 1.174 0.963 0.817 1.702 0.651 0.648 1.484 0.874 1.468 1.417 1.386 1.494 0.949
0.784 1.696 1.407 1.174 0.963 0.817 1.702 0.651 0.648 1.484 0.874 1.468 1.417 1.386 1.494 1.531
1.036 1.696 1.407 1.174 0.963 0.817 1.702 0.651 0.648 1.484 0.874 1.468 1.417 1.386 1.494 1.477
0.798 1.696 1.407 1.174 0.963 0.817 1.702 0.651 0.648 1.484 0.874 1.468 1.417 1.386 1.494 0.655
1.505 1.696 1.407 1.174 0.963 0.817 1.702 0.651 0.648 1.484 0.874 1.468 1.417 1.386 1.494 0.575
1.477 1.696 1.407 1.174 0.963 0.817 1.702 0.651 0.648 1.484 0.874 1.468 1.417 1.386 1.494 1.375
1.447 1.696 1.407 1.174 0.963 0.817 1.702 0.651 0.648 1.484 0.874 1.468 1.417 1.386 1.494 1.553
1.472 1.696 1.407 1.174 0.963 0.817 1.702 0.651 0.648 1.484 0.874 1.468 1.417 1.386 1.494 1.568
1.576 1.696 1.407 1.174 0.963 0.817 1.702 0.651 0.648 1.484 0.874 1.468 1.417 1.386 1.494 1.56
1.574 1.696 1.407 1.174 0.963 0.817 1.702 0.651 0.648 1.484 0.874 1.468 1.417 1.386 1.494 1.989
1.372 1.696 1.407 1.174 0.963 0.817 1.702 0.651 0.648 1.484 0.874 1.468 1.417 1.386 1.494 1.385
0.965 1.696 1.407 1.174 0.963 0.817 1.702 0.651 0.648 1.484 0.874 1.468 1.417 1.386 1.494 1.136
0.72 1.696 1.407 1.174 0.963 0.817 1.702 0.651 0.648 1.484 0.874 1.468 1.417 1.386 1.494 0.93
1.567 1.696 1.407 1.174 0.963 0.817 1.702 0.651 0.648 1.484 0.874 1.468 1.417 1.386 1.494 1.583
1.75 1.696 1.407 1.174 0.963 0.817 1.702 0.651 0.648 1.484 0.874 1.468 1.417 1.386 1.494 0.709
0.883 1.696 1.407 1.174 0.963 0.817 1.702 0.651 0.648 1.484 0.874 1.468 1.417 1.386 1.494 1.521
1.49 1.696 1.407 1.174 0.963 0.817 1.702 0.651 0.648 1.484 0.874 1.468 1.417 1.386 1.494 1.986
1.774 1.696 1.407 1.174 0.963 0.817 1.702 0.651 0.648 1.484 0.874 1.468 1.417 1.386 1.494 1.71
0.363 1.696 1.407 1.174 0.963 0.817 1.702 0.651 0.648 1.484 0.874 1.468 1.417 1.386 1.494 1.639
1.546 1.696 1.407 1.174 0.963 0.817 1.702 0.651 0.648 1.484 0.874 1.468 1.417 1.386 1.494 1.016
1.823 1.696 1.407 1.174 0.963 0.817 1.702 0.651 0.648 1.484 0.874 1.468 1.417 1.386 1.494 1.182
0.656 1.696 1.407 1.174 0.963 0.817 1.702 0.651 0.648 1.484 0.874 1.468 1.417 1.386 1.494 0.376
1.461 1.696 1.407 1.174 0.963 0.817 1.702 0.651 0.648 1.484 0.874 1.468 1.417 1.386 1.494 0.816
0.944 1.696 1.407 1.174 0.963 0.817 1.702 0.651 0.648 1.484 0.874 1.468 1.417 1.386 1.494 1.651
1.342 1.696 1.407 1.174 0.963 0.817 1.702 0.651 0.648 1.484 0.874 1.468 1.417 1.386 1.494 1.26
0.113 1.696 1.407 1.174 0.963 0.817 1.702 0.651 0.648 1.484 0.874 1.468 1.417 1.386 1.494 0.4
1.826 1.696 1.407 1.174 0.963 0.817 1.702 0.651 0.648 1.484 0.874 1.468 1.417 1.386 1.494 1.533
2.005 1.696 1.407 1.174 0.963 0.817 1.702 0.651 0.648 1.484 0.874 1.468 1.417 1.386 1.494 1.041
1.391 1.696 1.407 1.174 0.963 0.817 1.702 0.651 0.648 1.484 0.874 1.468 1.417 1.386 1.494 2.01
1.635 1.696 1.407 1.174 0.963 0.817 1.702 0.651 0.648 1.484 0.874 1.468 1.417 1.386 1.494 1.37
0.457 1.696 1.407 1.174 0.963 0.817 1.702 0.651 0.648 1.484 0.874 1.468 1.417 1.386 1.494 1.317
1.434 1.696 1.407 1.174 0.963 0.817 1.702 0.651 0.648 1.484 0.874 1.468 1.417 1.386 1.494 0.731
1.487 1.696 1.407 1.174 0.963 0.817 1.702 0.651 0.648 1.484 0.874 1.468 1.417 1.386 1.494 0.373
1.733 1.696 1.407 1.174 0.963 0.817 1.702 0.651 0.648 1.484 0.874 1.468 1.417 1.386 1.494 0.734
1.659 1.696 1.407 1.174 0.963 0.817 1.702 0.651 0.648 1.484 0.874 1.468 1.417 1.386 1.494 1.536
0.383 1.696 1.407 1.174 0.963 0.817 1.702 0.651 0.648 1.484 0.874 1.468 1.417 1.386 1.494 1.031
1.662 1.696 1.407 1.174 0.963 0.817 1.702 0.651 0.648 1.484 0.874 1.468 1.417 1.386 1.494 0.863
1.36 1.696 1.407 1.174 0.963 0.817 1.702 0.651 0.648 1.484 0.874 1.468 1.417 1.386 1.494 1.496
1.339 1.696 1.407 1.174 0.963 0.817 1.702 0.651 0.648 1.484 0.874 1.468 1.417 1.386 1.494 0.748
1.36 1.696 1.407 1.174 0.963 0.817 1.702 0.651 0.648 1.484 0.874 1.468 1.417 1.386 1.494 1.518
0.46 1.696 1.407 1.174 0.963 0.817 1.702 0.651 0.648 1.484 0.874 1.468 1.417 1.386 1.494 1.734
1.3 1.696 1.407 1.174 0.963 0.817 1.702 0.651 0.648 1.484 0.874 1.468 1.417 1.386 1.494 1.258
1.418 1.696 1.407 1.174 0.963 0.817 1.702 0.651 0.648 1.484 0.874 1.468 1.417 1.386 1.494 0.752
0.835 1.696 1.407 1.174 0.963 0.817 1.702 0.651 0.648 1.484 0.874 1.468 1.417 1.386 1.494 1.499
1.592 1.696 1.407 1.174 0.963 0.817 1.702 0.651 0.648 1.484 0.874 1.468 1.417 1.386 1.494 0.651
1.951 1.696 1.407 1.174 0.963 0.817 1.702 0.651 0.648 1.484 0.874 1.468 1.417 1.386 1.494 1.478
1.252 1.696 1.407 1.174 0.963 0.817 1.702 0.651 0.648 1.484 0.874 1.468 1.417 1.386 1.494 1.034
1.757 1.696 1.407 1.174 0.963 0.817 1.702 0.651 0.648 1.484 0.874 1.468 1.417 1.386 1.494 0.892
0.903 1.696 1.407 1.174 0.963 0.817 1.702 0.651 0.648 1.484 0.874 1.468 1.417 1.386 1.494 1.747
1.323 1.696 1.407 1.174 0.963 0.817 1.702 0.651 0.648 1.484 0.874 1.468 1.417 1.386 1.494 1.871
0.719 1.696 1.407 1.174 0.963 0.817 1.702 0.651 0.648 1.484 0.874 1.468 1.417 1.386 1.494 1.731
1.484 1.696 1.407 1.174 0.963 0.817 1.702 0.651 0.648 1.484 0.874 1.468 1.417 1.386 1.494 1.957
1.14 1.696 1.407 1.174 0.963 0.817 1.702 0.651 0.648 1.484 0.874 1.468 1.417 1.386 1.494 1.275
0.922 1.696 1.407 1.174 0.963 0.817 1.702 0.651 0.648 1.484 0.874 1.468 1.417 1.386 1.494 1.036
1.424 1.696 1.407 1.174 0.963 0.817 1.702 0.651 0.648 1.484 0.874 1.468 1.417 1.386 1.494 1.609
1.611 1.696 1.407 1.174 0.963 0.817 1.702 0.651 0.648 1.484 0.874 1.468 1.417 1.386 1.494 0.909
1.324 1.696 1.407 1.174 0.963 0.817 1.702 0.651 0.648 1.484 0.874 1.468 1.417 1.386 1.494 0.719
1.699 1.696 1.407 1.174 0.963 0.817 1.702 0.651 0.648 1.484 0.874 1.468 1.417 1.386 1.494 1.064
1.317 1.696 1.407 1.174 0.963 0.817 1.702 0.651 0.648 1.484 0.874 1.468 1.417 1.386 1.494 1.678
1.609 1.696 1.407 1.174 0.963 0.817 1.702 0.651 0.648 1.484 0.874 1.468 1.417 1.386 1.494 1.297
1.697 1.696 1.407 1.174 0.963 0.817 1.702 0.651 0.648 1.484 0.874 1.468 1.417 1.386 1.494 1.637
0.641 1.696 1.407 1.174 0.963 0.817 1.702 0.651 0.648 1.484 0.874 1.468 1.417 1.386 1.494 1.478
1.599 1.696 1.407 1.174 0.963 0.817 1.702 0.651 0.648 1.484 0.874 1.468 1.417 1.386 1.494 0.477
1.496 1.696 1.407 1.174 0.963 0.817 1.702 0.651 0.648 1.484 0.874 1.468 1.417 1.386 1.494 0.901
0.783 1.696 1.407 1.174 0.963 0.817 1.702 0.651 0.648 1.484 0.874 1.468 1.417 1.386 1.494 1.027
1.083 1.696 1.407 1.174 0.963 0.817 1.702 0.651 0.648 1.484 0.874 1.468 1.417 1.386 1.494 1.37
1.391 1.696 1.407 1.174 0.963 0.817 1.702 0.651 0.648 1.484 0.874 1.468 1.417 1.386 1.494 0.566
0.558 1.696 1.407 1.174 0.963 0.817 1.702 0.651 0.648 1.484 0.874 1.468 1.417 1.386 1.494 0.621
1.045 1.696 1.407 1.174 0.963 0.817 1.702 0.651 0.648 1.484 0.874 1.468 1.417 1.386 1.494 1.431
0.839 1.696 1.407 1.174 0.963 0.817 1.702 0.651 0.648 1.484 0.874 1.468 1.417 1.386 1.494 1.3
1.132 1.696 1.407 1.174 0.963 0.817 1.702 0.651 0.648 1.484 0.874 1.468 1.417 1.386 1.494 0.6
1.646 1.696 1.407 1.174 0.963 0.817 1.702 0.651 0.648 1.484 0.874 1.468 1.417 1.386 1.494 1.472
0.984 1.696 1.407 1.174 0.963 0.817 1.702 0.651 0.648 1.484 0.874 1.468 1.417 1.386 1.494 1.367
0.882 1.696 1.407 1.174 0.963 0.817 1.702 0.651 0.648 1.484 0.874 1.468 1.417 1.386 1.494 0.523
0.329 1.696 1.407 1.174 0.963 0.817 1.702 0.651 0.648 1.484 0.874 1.468 1.417 1.386 1.494 1.794
1.199 1.696 1.407 1.174 0.963 0.817 1.702 0.651 0.648 1.484 0.874 1.468 1.417 1.386 1.494 0.728
1.612 1.696 1.407 1.174 0.963 0.817 1.702 0.651 0.648 1.484 0.874 1.468 1.417 1.386 1.494 1.71
1.123 1.696 1.407 1.174 0.963 0.817 1.702 0.651 0.648 1.484 0.874 1.468 1.417 1.386 1.494 1.246
1.275 1.696 1.407 1.174 0.963 0.817 1.702 0.651 0.648 1.484 0.874 1.468 1.417 1.386 1.494 1.188
1.509 1.696 1.407 1.174 0.963 0.817 1.702 0.651 0.648 1.484 0.874 1.468 1.417 1.386 1.494 1.389
1.635 1.696 1.407 1.174 0.963 0.817 1.702 0.651 0.648 1.484 0.874 1.468 1.417 1.386 1.494 1.68
1.907 1.696 1.407 1.174 0.963 0.817 1.702 0.651 0.648 1.484 0.874 1.468 1.417 1.386 1.494 1.767
1.657 1.696 1.407 1.174 0.963 0.817 1.702 0.651 0.648 1.484 0.874 1.468 1.417 1.386 1.494 0.734
1.898 1.696 1.407 1.174 0.963 0.817 1.702 0.651 0.648 1.484 0.874 1.468 1.417 1.386 1.494 1.859
0.349 1.696 1.407 1.174 0.963 0.817 1.702 0.651 0.648 1.484 0.874 1.468 1.417 1.386 1.494 1.152
1.008 1.696 1.407 1.174 0.963 0.817 1.702 0.651 0.648 1.484 0.874 1.468 1.417 1.386 1.494 1.74
1.615 1.696 1.407 1.174 0.963 0.817 1.702 0.651 0.648 1.484 0.874 1.468 1.417 1.386 1.494 1.406
1.47 1.696 1.407 1.174 0.963 0.817 1.702 0.651 0.648 1.484 0.874 1.468 1.417 1.386 1.494 1.171
1.147 1.696 1.407 1.174 0.963 0.817 1.702 0.651 0.648 1.484 0.874 1.468 1.417 1.386 1.494 0.582
1.342 1.696 1.407 1.174 0.963 0.817 1.702 0.651 0.648 1.484 0.874 1.468 1.417 1.386 1.494 0.594
1.475 1.696 1.407 1.174 0.963 0.817 1.702 0.651 0.648 1.484 0.874 1.468 1.417 1.386 1.494 0.832
1.668 1.696 1.407 1.174 0.963 0.817 1.702 0.651 0.648 1.484 0.874 1.468 1.417 1.386 1.494 1.602
0.939 1.696 1.407 1.174 0.963 0.817 1.702 0.651 0.648 1.484 0.874 1.468 1.417 1.386 1.494 1.227
0.533 1.696 1.407 1.174 0.963 0.817 1.702 0.651 0.648 1.484 0.874 1.468 1.417 1.386 1.494 1.133
1.815 1.696 1.407 1.174 0.963 0.817 1.702 0.651 0.648 1.484 0.874 1.468 1.417 1.386 1.494 1.536
1.316 1.696 1.407 1.174 0.963 0.817 1.702 0.651 0.648 1.484 0.874 1.468 1.417 1.386 1.494 1.582
1.145 1.696 1.407 1.174 0.963 0.817 1.702 0.651 0.648 1.484 0.874 1.468 1.417 1.386 1.494 1.653
0.95 1.696 1.407 1.174 0.963 0.817 1.702 0.651 0.648 1.484 0.874 1.468 1.417 1.386 1.494 1.391
0.614 1.696 1.407 1.174 0.963 0.817 1.702 0.651 0.648 1.484 0.874 1.468 1.417 1.386 1.494 1.583
1.791 1.696 1.407 1.174 0.963 0.817 1.702 0.651 0.648 1.484 0.874 1.468 1.417 1.386 1.494 1.637
1.155 1.696 1.407 1.174 0.963 0.817 1.702 0.651 0.648 1.484 0.874 1.468 1.417 1.386 1.494 1.244
1.646 1.696 1.407 1.174 0.963 0.817 1.702 0.651 0.648 1.484 0.874 1.468 1.417 1.386 1.494 0.779
0.499 1.696 1.407 1.174 0.963 0.817 1.702 0.651 0.648 1.484 0.874 1.468 1.417 1.386 1.494 1.382
0.938 1.696 1.407 1.174 0.963 0.817 1.702 0.651 0.648 1.484 0.874 1.468 1.417 1.386 1.494 1.171
1.629 1.696 1.407 1.174 0.963 0.817 1.702 0.651 0.648 1.484 0.874 1.468 1.417 1.386 1.494 1.539
1.246 1.696 1.407 1.174 0.963 0.817 1.702 0.651 0.648 1.484 0.874 1.468 1.417 1.386 1.494 1.716
1.371 1.696 1.407 1.174 0.963 0.817 1.702 0.651 0.648 1.484 0.874 1.468 1.417 1.386 1.494 1.431
0.872 1.696 1.407 1.174 0.963 0.817 1.702 0.651 0.648 1.484 0.874 1.468 1.417 1.386 1.494 1.441
1.422 1.696 1.407 1.174 0.963 0.817 1.702 0.651 0.648 1.484 0.874 1.468 1.417 1.386 1.494 1.715
0.592 1.696 1.407 1.174 0.963 0.817 1.702 0.651 0.648 1.484 0.874 1.468 1.417 1.386 1.494 1.284
0.801 1.696 1.407 1.174 0.963 0.817 1.702 0.651 0.648 1.484 0.874 1.468 1.417 1.386 1.494 0.784
1.534 1.696 1.407 1.174 0.963 0.817 1.702 0.651 0.648 1.484 0.874 1.468 1.417 1.386 1.494 1.468
0.904 1.696 1.407 1.174 0.963 0.817 1.702 0.651 0.648 1.484 0.874 1.468 1.417 1.386 1.494 1.375
0.576 1.696 1.407 1.174 0.963 0.817 1.702 0.651 0.648 1.484 0.874 1.468 1.417 1.386 1.494 1.356
1.937 1.696 1.407 1.174 0.963 0.817 1.702 0.651 0.648 1.484 0.874 1.468 1.417 1.386 1.494 0.953
0.835 1.696 1.407 1.174 0.963 0.817 1.702 0.651 0.648 1.484 0.874 1.468 1.417 1.386 1.494 1.661
0.415 1.696 1.407 1.174 0.963 0.817 1.702 0.651 0.648 1.484 0.874 1.468 1.417 1.386 1.494 0.718
1.582 1.696 1.407 1.174 0.963 0.817 1.702 0.651 0.648 1.484 0.874 1.468 1.417 1.386 1.494 1.347
1.168 1.696 1.407 1.174 0.963 0.817 1.702 0.651 0.648 1.484 0.874 1.468 1.417 1.386 1.494 1.608
0.697 1.696 1.407 1.174 0.963 0.817 1.702 0.651 0.648 1.484 0.874 1.468 1.417 1.386 1.494 0.86
1.572 1.696 1.407 1.174 0.963 0.817 1.702 0.651 0.648 1.484 0.874 1.468 1.417 1.386 1.494 1.768
0.901 1.696 1.407 1.174 0.963 0.817 1.702 0.651 0.648 1.484 0.874 1.468 1.417 1.386 1.494 1.679
1.346 1.696 1.407 1.174 0.963 0.817 1.702 0.651 0.648 1.484 0.874 1.468 1.417 1.386 1.494 1.325
1.833 1.696 1.407 1.174 0.963 0.817 1.702 0.651 0.648 1.484 0.874 1.468 1.417 1.386 1.494 1.498
1.623 1.696 1.407 1.174 0.963 0.817 1.702 0.651 0.648 1.484 0.874 1.468 1.417 1.386 1.494 1.314
0.609 1.696 1.407 1.174 0.963 0.817 1.702 0.651 0.648 1.484 0.874 1.468 1.417 1.386 1.494 0.616
1.299 1.696 1.407 1.174 0.963 0.817 1.702 0.651 0.648 1.484 0.874 1.468 1.417 1.386 1.494 1.36
1.101 1.696 1.407 1.174 0.963 0.817 1.702 0.651 0.648 1.484 0.874 1.468 1.417 1.386 1.494 1.748
1.066 1.696 1.407 1.174 0.963 0.817 1.702 0.651 0.648 1.484 0.874 1.468 1.417 1.386 1.494 1.467
1.038 1.696 1.407 1.174 0.963 0.817 1.702 0.651 0.648 1.484 0.874 1.468 1.417 1.386 1.494 0.801
0.534 1.696 1.407 1.174 0.963 0.817 1.702 0.651 0.648 1.484 0.874 1.468 1.417 1.386 1.494 1.641
1.15 1.696 1.407 1.174 0.963 0.817 1.702 0.651 0.648 1.484 0.874 1.468 1.417 1.386 1.494 0.324
1.683 1.696 1.407 1.174 0.963 0.817 1.702 0.651 0.648 1.484 0.874 1.468 1.417 1.386 1.494 1.27
1.335 1.696 1.407 1.174 0.963 0.817 1.702 0.651 0.648 1.484 0.874 1.468 1.417 1.386 1.494 1.367
1.781 1.696 1.407 1.174 0.963 0.817 1.702 0.651 0.648 1.484 0.874 1.468 1.417 1.386 1.494 1.593
1.06 1.696 1.407 1.174 0.963 0.817 1.702 0.651 0.648 1.484 0.874 1.468 1.417 1.386 1.494 1.535
1.443 1.696 1.407 1.174 0.963 0.817 1.702 0.651 0.648 1.484 0.874 1.468 1.417 1.386 1.494 0.798
1.601 1.696 1.407 1.174 0.963 0.817 1.702 0.651 0.648 1.484 0.874 1.468 1.417 1.386 1.494 1.558
0.99 1.696 1.407 1.174 0.963 0.817 1.702 0.651 0.648 1.484 0.874 1.468 1.417 1.386 1.494 0.956
1.376 1.696 1.407 1.174 0.963 0.817 1.702 0.651 0.648 1.484 0.874 1.468 1.417 1.386 1.494 1.481
1.333 1.696 1.407 1.174 0.963 0.817 1.702 0.651 0.648 1.484 0.874 1.468 1.417 1.386 1.494 0.697
1.474 1.696 1.407 1.174 0.963 0.817 1.702 0.651 0.648 1.484 0.874 1.468 1.417 1.386 1.494 1.199
1.656 1.696 1.407 1.174 0.963 0.817 1.702 0.651 0.648 1.484 0.874 1.468 1.417 1.386 1.494 1.418
0.924 1.696 1.407 1.174 0.963 0.817 1.702 0.651 0.648 1.484 0.874 1.468 1.417 1.386 1.494 0.843
1.367 1.696 1.407 1.174 0.963 0.817 1.702 0.651 0.648 1.484 0.874 1.468 1.417 1.386 1.494 1.384
1.294 1.696 1.407 1.174 0.963 0.817 1.702 0.651 0.648 1.484 0.874 1.468 1.417 1.386 1.494 1.244
1.051 1.696 1.407 1.174 0.963 0.817 1.702 0.651 0.648 1.484 0.874 1.468 1.417 1.386 1.494 1.337
1.214 1.696 1.407 1.174 0.963 0.817 1.702 0.651 0.648 1.484 0.874 1.468 1.417 1.386 1.494 1.812
1.401 1.696 1.407 1.174 0.963 0.817 1.702 0.651 0.648 1.484 0.874 1.468 1.417 1.386 1.494 1.191
1.181 1.696 1.407 1.174 0.963 0.817 1.702 0.651 0.648 1.484 0.874 1.468 1.417 1.386 1.494 0.734
0.664 1.696 1.407 1.174 0.963 0.817 1.702 0.651 0.648 1.484 0.874 1.468 1.417 1.386 1.494 1.713
1.014 1.696 1.407 1.174 0.963 0.817 1.702 0.651 0.648 1.484 0.874 1.468 1.417 1.386 1.494 1.997
1.928 1.696 1.407 1.174 0.963 0.817 1.702 0.651 0.648 1.484 0.874 1.468 1.417 1.386 1.494 0.627
1.324 1.696 1.407 1.174 0.963 0.817 1.702 0.651 0.648 1.484 0.874 1.468 1.417 1.386 1.494 0.905
0.52 1.696 1.407 1.174 0.963 0.817 1.702 0.651 0.648 1.484 0.874 1.468 1.417 1.386 1.494 1.315
1.54 1.696 1.407 1.174 0.963 0.817 1.702 0.651 0.648 1.484 0.874 1.468 1.417 1.386 1.494 1.269
1.287 1.696 1.407 1.174 0.963 0.817 1.702 0.651 0.648 1.484 0.874 1.468 1.417 1.386 1.494 0.847
1.188 1.696 1.407 1.174 0.963 0.817 1.702 0.651 0.648 1.484 0.874 1.468 1.417 1.386 1.494 1.568
1.698 1.696 1.407 1.174 0.963 0.817 1.702 0.651 0.648 1.484 0.874 1.468 1.417 1.386 1.494 1.553
0.556 1.696 1.407 1.174 0.963 0.817 1.702 0.651 0.648 1.484 0.874 1.468 1.417 1.386 1.494 1.093
1.679 1.696 1.407 1.174 0.963 0.817 1.702 0.651 0.648 1.484 0.874 1.468 1.417 1.386 1.494 0.809
0.535 1.696 1.407 1.174 0.963 0.817 1.702 0.651 0.648 1.484 0.874 1.468 1.417 1.386 1.494 1.339
1.74 1.696 1.407 1.174 0.963 0.817 1.702 0.651 0.648 1.484 0.874 1.468 1.417 1.386 1.494 1.881
1.118 1.696 1.407 1.174 0.963 0.817 1.702 0.651 0.648 1.484 0.874 1.468 1.417 1.386 1.494 1.579
0.664 1.696 1.407 1.174 0.963 0.817 1.702 0.651 0.648 1.484 0.874 1.468 1.417 1.386 1.494 1.56
1.183 1.696 1.407 1.174 0.963 0.817 1.702 0.651 0.648 1.484 0.874 1.468 1.417 1.386 1.494 1.991
0.978 1.696 1.407 1.174 0.963 0.817 1.702 0.651 0.648 1.484 0.874 1.468 1.417 1.386 1.494 1.661
0.415 1.696 1.407 1.174 0.963 0.817 1.702 0.651 0.648 1.484 0.874 1.468 1.417 1.386 1.494 1.852
0.712 1.696 1.407 1.174 0.963 0.817 1.702 0.651 0.648 1.484 0.874 1.468 1.417 1.386 1.494 0.972
0.836 1.696 1.407 1.174 0.963 0.817 1.702 0.651 0.648 1.484 0.874 1.468 1.417 1.386 1.494 0.68
1.906 1.696 1.407 1.174 0.963 0.817 1.702 0.651 0.648 1.484 0.874 1.468 1.417 1.386 1.494 1.53
1.035 1.696 1.407 1.174 0.963 0.817 1.702 0.651 0.648 1.484 0.874 1.468 1.417 1.386 1.494 1.339
0.702 1.696 1.407 1.174 0.963 0.817 1.702 0.651 0.648 1.484 0.874 1.468 1.417 1.386 1.494 0.577
0.623 1.696 1.407 1.174 0.963 0.817 1.702 0.651 0.648 1.484 0.874 1.468 1.417 1.386 1.494 1.428
0.563 1.696 1.407 1.174 0.963 0.817 1.702 0.651 0.648 1.484 0.874 1.468 1.417 1.386 1.494 1.538
1.6 1.696 1.407 1.174 0.963 0.817 1.702 0.651 0.648 1.484 0.874 1.468 1.417 1.386 1.494 1.325
1.566 1.696 1.407 1.174 0.963 0.817 1.702 0.651 0.648 1.484 0.874 1.468 1.417 1.386 1.494 1.748
1.843 1.696 1.407 1.174 0.963 0.817 1.702 0.651 0.648 1.484 0.874 1.468 1.417 1.386 1.494 1.745
0.75 1.696 1.407 1.174 0.963 0.817 1.702 0.651 0.648 1.484 0.874 1.468 1.417 1.386 1.494 1.407
1.034 1.696 1.407 1.174 0.963 0.817 1.702 0.651 0.648 1.484 0.874 1.468 1.417 1.386 1.494 0.646
1.361 1.696 1.407 1.174 0.963 0.817 1.702 0.651 0.648 1.484 0.874 1.468 1.417 1.386 1.494 1.34
0.625 1.696 1.407 1.174 0.963 0.817 1.702 0.651 0.648 1.484 0.874 1.468 1.417 1.386 1.494 1.664
1.435 1.696 1.407 1.174 0.963 0.817 1.702 0.651 0.648 1.484 0.874 1.468 1.417 1.386 1.494 1.351
1.098 1.696 1.407 1.174 0.963 0.817 1.702 0.651 0.648 1.484 0.874 1.468 1.417 1.386 1.494 0.859
1.55 1.696 1.407 1.174 0.963 0.817 1.702 0.651 0.648 1.484 0.874 1.468 1.417 1.386 1.494 1.68
1.238 1.696 1.407 1.174 0.963 0.817 1.702 0.651 0.648 1.484 0.874 1.468 1.417 1.386 1.494 1.476
0.805 1.696 1.407 1.174 0.963 0.817 1.702 0.651 0.648 1.484 0.874 1.468 1.417 1.386 1.494 0.821
1.182 1.696 1.407 1.174 0.963 0.817 1.702 0.651 0.648 1.484 0.874 1.468 1.417 1.386 1.494 0.622
0.759 1.696 1.407 1.174 0.963 0.817 1.702 0.651 0.648 1.484 0.874 1.468 1.417 1.386 1.494 1.685
1.424 1.696 1.407 1.174 0.963 0.817 1.702 0.651 0.648 1.484 0.874 1.468 1.417 1.386 1.494 0.782
1.473 1.696 1.407 1.174 0.963 0.817 1.702 0.651 0.648 1.484 0.874 1.468 1.417 1.386 1.494 1.072
1.617 1.696 1.407 1.174 0.963 0.817 1.702 0.651 0.648 1.484 0.874 1.468 1.417 1.386 1.494 1.582
0.51 1.696 1.407 1.174 0.963 0.817 1.702 0.651 0.648 1.484 0.874 1.468 1.417 1.386 1.494 1.507
1.573 1.696 1.407 1.174 0.963 0.817 1.702 0.651 0.648 1.484 0.874 1.468 1.417 1.386 1.494 1.875
0.652 1.696 1.407 1.174 0.963 0.817 1.702 0.651 0.648 1.484 0.874 1.468 1.417 1.386 1.494 0.718
0.533 1.696 1.407 1.174 0.963 0.817 1.702 0.651 0.648 1.484 0.874 1.468 1.417 1.386 1.494 1.528
1.721 1.696 1.407 1.174 0.963 0.817 1.702 0.651 0.648 1.484 0.874 1.468 1.417 1.386 1.494 0.482
1.812 1.696 1.407 1.174 0.963 0.817 1.702 0.651 0.648 1.484 0.874 1.468 1.417 1.386 1.494 1.151
1.195 1.696 1.407 1.174 0.963 0.817 1.702 0.651 0.648 1.484 0.874 1.468 1.417 1.386 1.494 1.751
0.668 1.696 1.407 1.174 0.963 0.817 1.702 0.651 0.648 1.484 0.874 1.468 1.417 1.386 1.494 1.274
1.509 1.696 1.407 1.174 0.963 0.817 1.702 0.651 0.648 1.484 0.874 1.468 1.417 1.386 1.494 1.783
1.26 1.696 1.407 1.174 0.963 0.817 1.702 0.651 0.648 1.484 0.874 1.468 1.417 1.386 1.494 1.486
1.292 1.696 1.407 1.174 0.963 0.817 1.702 0.651 0.648 1.484 0.874 1.468 1.417 1.386 1.494 1.248
0.779 1.696 1.407 1.174 0.963 0.817 1.702 0.651 0.648 1.484 0.874 1.468 1.417 1.386 1.494 1.532
0.947 1.696 1.407 1.174 0.963 0.817 1.702 0.651 0.648 1.484 0.874 1.468 1.417 1.386 1.494 1.559
1.538 1.696 1.407 1.174 0.963 0.817 1.702 0.651 0.648 1.484 0.874 1.468 1.417 1.386 1.494 1.191
1.203 1.696 1.407 1.174 0.963 0.817 1.702 0.651 0.648 1.484 0.874 1.468 1.417 1.386 1.494 0.944
0.934 1.696 1.407 1.174 0.963 0.817 1.702 0.651 0.648 1.484 0.874 1.468 1.417 1.386 1.494 0.905
0.791 1.696 1.407 1.174 0.963 0.817 1.702 0.651 0.648 1.484 0.874 1.468 1.417 1.386 1.494 1.373
0.709 1.696 1.407 1.174 0.963 0.817 1.702 0.651 0.648 1.484 0.874 1.468 1.417 1.386 1.494 0.911
1.777 1.696 1.407 1.174 0.963 0.817 1.702 0.651 0.648 1.484 0.874 1.468 1.417 1.386 1.494 1.774
0.951 1.696 1.407 1.174 0.963 0.817 1.702 0.651 0.648 1.484 0.874 1.468 1.417 1.386 1.494 1.514
0.371 1.696 1.407 1.174 0.963 0.817 1.702 0.651 0.648 1.484 0.874 1.468 1.417 1.386 1.494 0.399
1.358 1.696 1.407 1.174 0.963 0.817 1.702 0.651 0.648 1.484 0.874 1.468 1.417 1.386 1.494 1.347
0.926 1.696 1.407 1.174 0.963 0.817 1.702 0.651 0.648 1.484 0.874 1.468 1.417 1.386 1.494 1.611
0.653 1.696 1.407 1.174 0.963 0.817 1.702 0.651 0.648 1.484 0.874 1.468 1.417 1.386 1.494 1.294
1.251 1.696 1.407 1.174 0.963 0.817 1.702 0.651 0.648 1.484 0.874 1.468 1.417 1.386 1.494 1.702
1.215 1.696 1.407 1.174 0.963 0.817 1.702 0.651 0.648 1.484 0.874 1.468 1.417 1.386 1.494 0.721
0.437 1.696 1.407 1.174 0.963 0.817 1.702 0.651 0.648 1.484 0.874 1.468 1.417 1.386 1.494 1.342
1.306 1.696 1.407 1.174 0.963 0.817 1.702 0.651 0.648 1.484 0.874 1.468 1.417 1.386 1.494 1.446
0.859 1.696 1.407 1.174 0.963 0.817 1.702 0.651 0.648 1.484 0.874 1.468 1.417 1.386 1.494 0.789
0.837 1.696 1.407 1.174 0.963 0.817 1.702 0.651 0.648 1.484 0.874 1.468 1.417 1.386 1.494 0.566
1.427 1.696 1.407 1.174 0.963 0.817 1.702 0.651 0.648 1.484 0.874 1.468 1.417 1.386 1.494 1.439
0.957 1.696 1.407 1.174 0.963 0.817 1.702 0.651 0.648 1.484 0.874 1.468 1.417 1.386 1.494 1.146
1.048 1.696 1.407 1.174 0.963 0.817 1.702 0.651 0.648 1.484 0.874 1.468 1.417 1.386 1.494 1.499
1.334 1.696 1.407 1.174 0.963 0.817 1.702 0.651 0.648 1.484 0.874 1.468 1.417 1.386 1.494 0.603
0.614 1.696 1.407 1.174 0.963 0.817 1.702 0.651 0.648 1.484 0.874 1.468 1.417 1.386 1.494 1.703
1.737 1.696 1.407 1.174 0.963 0.817 1.702 0.651 0.648 1.484 0.874 1.468 1.417 1.386 1.494 0.989
1.935 1.696 1.407 1.174 0.963 0.817 1.702 0.651 0.648 1.484 0.874 1.468 1.417 1.386 1.494 1.272
1.309 1.696 1.407 1.174 0.963 0.817 1.702 0.651 0.648 1.484 0.874 1.468 1.417 1.386 1.494 1.485
1.481 1.696 1.407 1.174 0.963 0.817 1.702 0.651 0.648 1.484 0.874 1.468 1.417 1.386 1.494 0.712
1.694 1.696 1.407 1.174 0.963 0.817 1.702 0.651 0.648 1.484 0.874 1.468 1.417 1.386 1.494 1.614
0.628 1.696 1.407 1.174 0.963 0.817 1.702 0.651 0.648 1.484 0.874 1.468 1.417 1.386 1.494 1.376
0.995 1.696 1.407 1.174 0.963 0.817 1.702 0.651 0.648 1.484 0.874 1.468 1.417 1.386 1.494 0.828
0.819 1.696 1.407 1.174 0.963 0.817 1.702 0.651 0.648 1.484 0.874 1.468 1.417 1.386 1.494 0.576
1.599 1.696 1.407 1.174 0.963 0.817 1.702 0.651 0.648 1.484 0.874 1.468 1.417 1.386 1.494 1.652
1.019 1.696 1.407 1.174 0.963 0.817 1.702 0.651 0.648 1.484 0.874 1.468 1.417 1.386 1.494 1.737
0.767 1.696 1.407 1.174 0.963 0.817 1.702 0.651 0.648 1.484 0.874 1.468 1.417 1.386 1.494 1.278
1.581 1.696 1.407 1.174 0.963 0.817 1.702 0.651 0.648 1.484 0.874 1.468 1.417 1.386 1.494 1.138
0.404 1.696 1.407 1.174 0.963 0.817 1.702 0.651 0.648 1.484 0.874 1.468 1.417 1.386 1.494 1.556
0.992 1.696 1.407 1.174 0.963 0.817 1.702 0.651 0.648 1.484 0.874 1.468 1.417 1.386 1.494 1.666
1.807 1.696 1.407 1.174 0.963 0.817 1.702 0.651 0.648 1.484 0.874 1.468 1.417 1.386 1.494 1.426
1.58 1.696 1.407 1.174 0.963 0.817 1.702 0.651 0.648 1.484 0.874 1.468 1.417 1.386 1.494 1.577
1.576 1.696 1.407 1.174 0.963 0.817 1.702 0.651 0.648 1.484 0.874 1.468 1.417 1.386 1.494 0.549
1.11 1.696 1.407 1.174 0.963 0.817 1.702 0.651 0.648 1.484 0.874 1.468 1.417 1.386 1.494 1.583
1.291 1.696 1.407 1.174 0.963 0.817 1.702 0.651 0.648 1.484 0.874 1.468 1.417 1.386 1.494 1
0.921 1.696 1.407 1.174 0.963 0.817 1.702 0.651 0.648 1.484 0.874 1.468 1.417 1.386 1.494 1.189
0.868 1.696 1.407 1.174 0.963 0.817 1.702 0.651 0.648 1.484 0.874 1.468 1.417 1.386 1.494 1.713
0.703 1.696 1.407 1.174 0.963 0.817 1.702 0.651 0.648 1.484 0.874 1.468 1.417 1.386 1.494 1.833
0.491 1.696 1.407 1.174 0.963 0.817 1.702 0.651 0.648 1.484 0.874 1.468 1.417 1.386 1.494 0.438
1.375 1.696 1.407 1.174 0.963 0.817 1.702 0.651 0.648 1.484 0.874 1.468 1.417 1.386 1.494 1.318
1.527 1.696 1.407 1.174 0.963 0.817 1.702 0.651 0.648 1.484 0.874 1.468 1.417 1.386 1.494 1.61
0.371 1.696 1.407 1.174 0.963 0.817 1.702 0.651 0.648 1.484 0.874 1.468 1.417 1.386 1.494 1.115
1.566 1.696 1.407 1.174 0.963 0.817 1.702 0.651 0.648 1.484 0.874 1.468 1.417 1.386 1.494 1.448
1.603 1.696 1.407 1.174 0.963 0.817 1.702 0.651 0.648 1.484 0.874 1.468 1.417 1.386 1.494 1.068
0.906 1.696 1.407 1.174 0.963 0.817 1.702 0.651 0.648 1.484 0.874 1.468 1.417 1.386 1.494 1.015
1.524 1.696 1.407 1.174 0.963 0.817 1.702 0.651 0.648 1.484 0.874 1.468 1.417 1.386 1.494 1.538
1.422 1.696 1.407 1.174 0.963 0.817 1.702 0.651 0.648 1.484 0.874 1.468 1.417 1.386 1.494 1.387
0.774 1.696 1.407 1.174 0.963 0.817 1.702 0.651 0.648 1.484 0.874 1.468 1.417 1.386 1.494 1.192
1.63 1.696 1.407 1.174 0.963 0.817 1.702 0.651 0.648 1.484 0.874 1.468 1.417 1.386 1.494 1.24
1.132 1.696 1.407 1.174 0.963 0.817 1.702 0.651 0.648 1.484 0.874 1.468 1.417 1.386 1.494 0.619
1.328 1.696 1.407 1.174 0.963 0.817 1.702 0.651 0.648 1.484 0.874 1.468 1.417 1.386 1.494 0.866
1.279 1.696 1.407 1.174 0.963 0.817 1.702 0.651 0.648 1.484 0.874 1.468 1.417 1.386 1.494 0.988
1.163 1.696 1.407 1.174 0.963 0.817 1.702 0.651 0.648 1.484 0.874 1.468 1.417 1.386 1.494 1.644
1.708 1.696 1.407 1.174 0.963 0.817 1.702 0.651 0.648 1.484 0.874 1.468 1.417 1.386 1.494 0.912
1.691 1.696 1.407 1.174 0.963 0.817 1.702 0.651 0.648 1.484 0.874 1.468 1.417 1.386 1.494 0.83
0.806 1.696 1.407 1.174 0.963 0.817 1.702 0.651 0.648 1.484 0.874 1.468 1.417 1.386 1.494 1.216
0.334 1.696 1.407 1.174 0.963 0.817 1.702 0.651 0.648 1.484 0.874 1.468 1.417 1.386 1.494 1.435
0.725 1.696 1.407 1.174 0.963 0.817 1.702 0.651 0.648 1.484 0.874 1.468 1.417 1.386 1.494 1.606
0.59 1.696 1.407 1.174 0.963 0.817 1.702 0.651 0.648 1.484 0.874 1.468 1.417 1.386 1.494 1.394
1.47 1.696 1.407 1.174 0.963 0.817 1.702 0.651 0.648 1.484 0.874 1.468 1.417 1.386 1.494 1.241
0.646 1.696 1.407 1.174 0.963 0.817 1.702 0.651 0.648 1.484 0.874 1.468 1.417 1.386 1.494 1.498
0.549 1.696 1.407 1.174 0.963 0.817 1.702 0.651 0.648 1.484 0.874 1.468 1.417 1.386 1.494 0.846
0.953 1.696 1.407 1.174 0.963 0.817 1.702 0.651 0.648 1.484 0.874 1.468 1.417 1.386 1.494 1.601
0.662 1.696 1.407 1.174 0.963 0.817 1.702 0.651 0.648 1.484 0.874 1.468 1.417 1.386 1.494 1.657
0.936 1.696 1.407 1.174 0.963 0.817 1.702 0.651 0.648 1.484 0.874 1.468 1.417 1.386 1.494 1.413
1.312 1.696 1.407 1.174 0.963 0.817 1.702 0.651 0.648 1.484 0.874 1.468 1.417 1.386 1.494 1.616
1.206 1.696 1.407 1.174 0.963 0.817 1.702 0.651 0.648 1.484 0.874 1.468 1.417 1.386 1.494 1.324
1.595 1.696 1.407 1.174 0.963 0.817 1.702 0.651 0.648 1.484 0.874 1.468 1.417 1.386 1.494 1.257
1.446 1.696 1.407 1.174 0.963 0.817 1.702 0.651 0.648 1.484 0.874 1.468 1.417 1.386 1.494 1.476
0.958 1.696 1.407 1.174 0.963 0.817 1.702 0.651 0.648 1.484 0.874 1.468 1.417 1.386 1.494 1.193
0.777 1.696 1.407 1.174 0.963 0.817 1.702 0.651 0.648 1.484 0.874 1.468 1.417 1.386 1.494 0.678
1.728 1.696 1.407 1.174 0.963 0.817 1.702 0.651 0.648 1.484 0.874 1.468 1.417 1.386 1.494 1.585
0.731 1.696 1.407 1.174 0.963 0.817 1.702 0.651 0.648 1.484 0.874 1.468 1.417 1.386 1.494 1.657
1.651 1.696 1.407 1.174 0.963 0.817 1.702 0.651 0.648 1.484 0.874 1.468 1.417 1.386 1.494 1.255
0.507 1.696 1.407 1.174 0.963 0.817 1.702 0.651 0.648 1.484 0.874 1.468 1.417 1.386 1.494 1.457
0.792 1.696 1.407 1.174 0.963 0.817 1.702 0.651 0.648 1.484 0.874 1.468 1.417 1.386 1.494 1.18
1.124 1.696 1.407 1.174 0.963 0.817 1.702 0.651 0.648 1.484 0.874 1.468 1.417 1.386 1.494 1.774
0.998 1.696 1.407 1.174 0.963 0.817 1.702 0.651 0.648 1.484 0.874 1.468 1.417 1.386 1.494 1.928
0.985 1.696 1.407 1.174 0.963 0.817 1.702 0.651 0.648 1.484 0.874 1.468 1.417 1.386 1.494 1.165
0.587 1.696 1.407 1.174 0.963 0.817 1.702 0.651 0.648 1.484 0.874 1.468 1.417 1.386 1.494 0.847
1.837 1.696 1.407 1.174 0.963 0.817 1.702 0.651 0.648 1.484 0.874 1.468 1.417 1.386 1.494 1.771
