0.943 1.151 1.294 1.409 1.281 0.996 0.92 0.993 0.93 1.402 1.229 0.701 0.61 1.07 1.403 0.477
1.158 1.151 1.294 1.409 1.281 0.996 0.92 0.993 0.93 1.402 1.229 0.701 0.61 1.07 1.403 1.118
0.97 1.151 1.294 1.409 1.281 0.996 0.92 0.993 0.93 1.402 1.229 0.701 0.61 1.07 1.403 1.226
1.436 1.151 1.294 1.409 1.281 0.996 0.92 0.993 0.93 1.402 1.229 0.701 0.61 1.07 1.403 0.368
1.106 1.151 1.294 1.409 1.281 0.996 0.92 0.993 0.93 1.402 1.229 0.701 0.61 1.07 1.403 0.91
0.826 1.151 1.294 1.409 1.281 0.996 0.92 0.993 0.93 1.402 1.229 0.701 0.61 1.07 1.403 1.55
1.093 1.151 1.294 1.409 1.281 0.996 0.92 0.993 0.93 1.402 1.229 0.701 0.61 1.07 1.403 0.824
0.763 1.151 1.294 1.409 1.281 0.996 0.92 0.993 0.93 1.402 1.229 0.701 0.61 1.07 1.403 0.647
0.854 1.151 1.294 1.409 1.281 0.996 0.92 0.993 0.93 1.402 1.229 0.701 0.61 1.07 1.403 1.418
1.059 1.151 1.294 1.409 1.281 0.996 0.92 0.993 0.93 1.402 1.229 0.701 0.61 1.07 1.403 1.233
0.4 1.151 1.294 1.409 1.281 0.996 0.92 0.993 0.93 1.402 1.229 0.701 0.61 1.07 1.403 1.027
1.441 1.151 1.294 1.409 1.281 0.996 0.92 0.993 0.93 1.402 1.229 0.701 0.61 1.07 1.403 1.063
1.448 1.151 1.294 1.409 1.281 0.996 0.92 0.993 0.93 1.402 1.229 0.701 0.61 1.07 1.403 1.42
1.046 1.151 1.294 1.409 1.281 0.996 0.92 0.993 0.93 1.402 1.229 0.701 0.61 1.07 1.403 0.934
0.899 1.151 1.294 1.409 1.281 0.996 0.92 0.993 0.93 1.402 1.229 0.701 0.61 1.07 1.403 1.165
1.532 1.151 1.294 1.409 1.281 0.996 0.92 0.993 0.93 1.402 1.229 0.701 0.61 1.07 1.403 1.168
1.422 1.151 1.294 1.409 1.281 0.996 0.92 0.993 0.93 1.402 1.229 0.701 0.61 1.07 1.403 0.948
0.698 1.151 1.294 1.409 1.281 0.996 0.92 0.993 0.93 1.402 1.229 0.701 0.61 1.07 1.403 0.939
0.844 1.151 1.294 1.409 1.281 0.996 0.92 0.993 0.93 1.402 1.229 0.701 0.61 1.07 1.403 0.536
0.866 1.151 1.294 1.409 1.281 0.996 0.92 0.993 0.93 1.402 1.229 0.701 0.61 1.07 1.403 1.202
0.691 1.151 1.294 1.409 1.281 0.996 0.92 0.993 0.93 1.402 1.229 0.701 0.61 1.07 1.403 1.222
0.684 1.151 1.294 1.409 1.281 0.996 0.92 0.993 0.93 1.402 1.229 0.701 0.61 1.07 1.403 1.087
0.555 1.151 1.294 1.409 1.281 0.996 0.92 0.993 0.93 1.402 1.229 0.701 0.61 1.07 1.403 0.604
1.492 1.151 1.294 1.409 1.281 0.996 0.92 0.993 0.93 1.402 1.229 0.701 0.61 1.07 1.403 0.589
0.915 1.151 1.294 1.409 1.281 0.996 0.92 0.993 0.93 1.402 1.229 0.701 0.61 1.07 1.403 0.519
1.26 1.151 1.294 1.409 1.281 0.996 0.92 0.993 0.93 1.402 1.229 0.701 0.61 1.07 1.403 0.804
0.512 1.151 1.294 1.409 1.281 0.996 0.92 0.993 0.93 1.402 1.229 0.701 0.61 1.07 1.403 0.538
1.29 1.151 1.294 1.409 1.281 0.996 0.92 0.993 0.93 1.402 1.229 0.701 0.61 1.07 1.403 1.395
1.215 1.151 1.294 1.409 1.281 0.996 0.92 0.993 0.93 1.402 1.229 0.701 0.61 1.07 1.403 0.804
1.367 1.151 1.294 1.409 1.281 0.996 0.92 0.993 0.93 1.402 1.229 0.701 0.61 1.07 1.403 0.33
1.413 1.151 1.294 1.409 1.281 0.996 0.92 0.993 0.93 1.402 1.229 0.701 0.61 1.07 1.403 0.877
1.089 1.151 1.294 1.409 1.281 0.996 0.92 0.993 0.93 1.402 1.229 0.701 0.61 1.07 1.403 1.188
1.131 1.151 1.294 1.409 1.281 0.996 0.92 0.993 0.93 1.402 1.229 0.701 0.61 1.07 1.403 1.022
0.86 1.151 1.294 1.409 1.281 0.996 0.92 0.993 0.93 1.402 1.229 0.701 0.61 1.07 1.403 1.516
1.334 1.151 1.294 1.409 1.281 0.996 0.92 0.993 0.93 1.402 1.229 0.701 0.61 1.07 1.403 0.591
0.969 1.151 1.294 1.409 1.281 0.996 0.92 0.993 0.93 1.402 1.229 0.701 0.61 1.07 1.403 1.16
1.486 1.151 1.294 1.409 1.281 0.996 0.92 0.993 0.93 1.402 1.229 0.701 0.61 1.07 1.403 1.222
0.652 1.151 1.294 1.409 1.281 0.996 0.92 0.993 0.93 1.402 1.229 0.701 0.61 1.07 1.403 1.298
0.579 1.151 1.294 1.409 1.281 0.996 0.92 0.993 0.93 1.402 1.229 0.701 0.61 1.07 1.403 0.871
1.239 1.151 1.294 1.409 1.281 0.996 0.92 0.993 0.93 1.402 1.229 0.701 0.61 1.07 1.403 0.918
1.064 1.151 1.294 1.409 1.281 0.996 0.92 0.993 0.93 1.402 1.229 0.701 0.61 1.07 1.403 0.814
0.875 1.151 1.294 1.409 1.281 0.996 0.92 0.993 0.93 1.402 1.229 0.701 0.61 1.07 1.403 0.407
1.619 1.151 1.294 1.409 1.281 0.996 0.92 0.993 0.93 1.402 1.229 0.701 0.61 1.07 1.403 0.816
1.606 1.151 1.294 1.409 1.281 0.996 0.92 0.993 0.93 1.402 1.229 0.701 0.61 1.07 1.403 0.668
1.667 1.151 1.294 1.409 1.281 0.996 0.92 0.993 0.93 1.402 1.229 0.701 0.61 1.07 1.403 0.746
1.334 1.151 1.294 1.409 1.281 0.996 0.92 0.993 0.93 1.402 1.229 0.701 0.61 1.07 1.403 1.076
0.515 1.151 1.294 1.409 1.281 0.996 0.92 0.993 0.93 1.402 1.229 0.701 0.61 1.07 1.403 1.474
1.021 1.151 1.294 1.409 1.281 0.996 0.92 0.993 0.93 1.402 1.229 0.701 0.61 1.07 1.403 1.079
0.564 1.151 1.294 1.409 1.281 0.996 0.92 0.993 0.93 1.402 1.229 0.701 0.61 1.07 1.403 1.267
0.565 1.151 1.294 1.409 1.281 0.996 0.92 0.993 0.93 1.402 1.229 0.701 0.61 1.07 1.403 1.029
0.749 1.151 1.294 1.409 1.281 0.996 0.92 0.993 0.93 1.402 1.229 0.701 0.61 1.07 1.403 0.754
1.034 1.151 1.294 1.409 1.281 0.996 0.92 0.993 0.93 1.402 1.229 0.701 0.61 1.07 1.403 1.038
1.001 1.151 1.294 1.409 1.281 0.996 0.92 0.993 0.93 1.402 1.229 0.701 0.61 1.07 1.403 1.415
0.759 1.151 1.294 1.409 1.281 0.996 0.92 0.993 0.93 1.402 1.229 0.701 0.61 1.07 1.403 1.012
0.633 1.151 1.294 1.409 1.281 0.996 0.92 0.993 0.93 1.402 1.229 0.701 0.61 1.07 1.403 1.373
1.083 1.151 1.294 1.409 1.281 0.996 0.92 0.993 0.93 1.402 1.229 0.701 0.61 1.07 1.403 0.878
0.716 1.151 1.294 1.409 1.281 0.996 0.92 0.993 0.93 1.402 1.229 0.701 0.61 1.07 1.403 0.695
1.101 1.151 1.294 1.409 1.281 0.996 0.92 0.993 0.93 1.402 1.229 0.701 0.61 1.07 1.403 1.306
1.558 1.151 1.294 1.409 1.281 0.996 0.92 0.993 0.93 1.402 1.229 0.701 0.61 1.07 1.403 0.481
1.27 1.151 1.294 1.409 1.281 0.996 0.92 0.993 0.93 1.402 1.229 0.701 0.61 1.07 1.403 0.83
1.122 1.151 1.294 1.409 1.281 0.996 0.92 0.993 0.93 1.402 1.229 0.701 0.61 1.07 1.403 1.522
1.45 1.151 1.294 1.409 1.281 0.996 0.92 0.993 0.93 1.402 1.229 0.701 0.61 1.07 1.403 1.415
1.292 1.151 1.294 1.409 1.281 0.996 0.92 0.993 0.93 1.402 1.229 0.701 0.61 1.07 1.403 1.29
0.89 1.151 1.294 1.409 1.281 0.996 0.92 0.993 0.93 1.402 1.229 0.701 0.61 1.07 1.403 1.476
0.94 1.151 1.294 1.409 1.281 0.996 0.92 0.993 0.93 1.402 1.229 0.701 0.61 1.07 1.403 1.536
0.7 1.151 1.294 1.409 1.281 0.996 0.92 0.993 0.93 1.402 1.229 0.701 0.61 1.07 1.403 0.758
0.892 1.151 1.294 1.409 1.281 0.996 0.92 0.993 0.93 1.402 1.229 0.701 0.61 1.07 1.403 0.764
0.824 1.151 1.294 1.409 1.281 0.996 0.92 0.993 0.93 1.402 1.229 0.701 0.61 1.07 1.403 1.233
1.18 1.151 1.294 1.409 1.281 0.996 0.92 0.993 0.93 1.402 1.229 0.701 0.61 1.07 1.403 1.487
1.224 1.151 1.294 1.409 1.281 0.996 0.92 0.993 0.93 1.402 1.229 0.701 0.61 1.07 1.403 1.293
1.136 1.151 1.294 1.409 1.281 0.996 0.92 0.993 0.93 1.402 1.229 0.701 0.61 1.07 1.403 1.282
0.878 1.151 1.294 1.409 1.281 0.996 0.92 0.993 0.93 1.402 1.229 0.701 0.61 1.07 1.403 1.274
0.816 1.151 1.294 1.409 1.281 0.996 0.92 0.993 0.93 1.402 1.229 0.701 0.61 1.07 1.403 1.272
1.266 1.151 1.294 1.409 1.281 0.996 0.92 0.993 0.93 1.402 1.229 0.701 0.61 1.07 1.403 1.022
1.037 1.151 1.294 1.409 1.281 0.996 0.92 0.993 0.93 1.402 1.229 0.701 0.61 1.07 1.403 1.337
1.002 1.151 1.294 1.409 1.281 0.996 0.92 0.993 0.93 1.402 1.229 0.701 0.61 1.07 1.403 0.77
1.18 1.151 1.294 1.409 1.281 0.996 0.92 0.993 0.93 1.402 1.229 0.701 0.61 1.07 1.403 1.077
1.198 1.151 1.294 1.409 1.281 0.996 0.92 0.993 0.93 1.402 1.229 0.701 0.61 1.07 1.403 0.826
1.225 1.151 1.294 1.409 1.281 0.996 0.92 0.993 0.93 1.402 1.229 0.701 0.61 1.07 1.403 1.16
1.7 1.151 1.294 1.409 1.281 0.996 0.92 0.993 0.93 1.402 1.229 0.701 0.61 1.07 1.403 0.701
1.293 1.151 1.294 1.409 1.281 0.996 0.92 0.993 0.93 1.402 1.229 0.701 0.61 1.07 1.403 0.884
1.47 1.151 1.294 1.409 1.281 0.996 0.92 0.993 0.93 1.402 1.229 0.701 0.61 1.07 1.403 1.457
0.743 1.151 1.294 1.409 1.281 0.996 0.92 0.993 0.93 1.402 1.229 0.701 0.61 1.07 1.403 1.085
1.297 1.151 1.294 1.409 1.281 0.996 0.92 0.993 0.93 1.402 1.229 0.701 0.61 1.07 1.403 1.676
0.991 1.151 1.294 1.409 1.281 0.996 0.92 0.993 0.93 1.402 1.229 0.701 0.61 1.07 1.403 0.898
1.227 1.151 1.294 1.409 1.281 0.996 0.92 0.993 0.93 1.402 1.229 0.701 0.61 1.07 1.403 0.733
0.919 1.151 1.294 1.409 1.281 0.996 0.92 0.993 0.93 1.402 1.229 0.701 0.61 1.07 1.403 1.348
1.31 1.151 1.294 1.409 1.281 0.996 0.92 0.993 0.93 1.402 1.229 0.701 0.61 1.07 1.403 0.843
1.13 1.151 1.294 1.409 1.281 0.996 0.92 0.993 0.93 1.402 1.229 0.701 0.61 1.07 1.403 1.172
1.271 1.151 1.294 1.409 1.281 0.996 0.92 0.993 0.93 1.402 1.229 0.701 0.61 1.07 1.403 1.392
1.076 1.151 1.294 1.409 1.281 0.996 0.92 0.993 0.93 1.402 1.229 0.701 0.61 1.07 1.403 0.672
0.84 1.151 1.294 1.409 1.281 0.996 0.92 0.993 0.93 1.402 1.229 0.701 0.61 1.07 1.403 1.161
1.244 1.151 1.294 1.409 1.281 0.996 0.92 0.993 0.93 1.402 1.229 0.701 0.61 1.07 1.403 1.075
0.656 1.151 1.294 1.409 1.281 0.996 0.92 0.993 0.93 1.402 1.229 0.701 0.61 1.07 1.403 1.125
0.858 1.151 1.294 1.409 1.281 0.996 0.92 0.993 0.93 1.402 1.229 0.701 0.61 1.07 1.403 1.135
1.158 1.151 1.294 1.409 1.281 0.996 0.92 0.993 0.93 1.402 1.229 0.701 0.61 1.07 1.403 0.788
1.062 1.151 1.294 1.409 1.281 0.996 0.92 0.993 0.93 1.402 1.229 0.701 0.61 1.07 1.403 1.424
1.353 1.151 1.294 1.409 1.281 0.996 0.92 0.993 0.93 1.402 1.229 0.701 0.61 1.07 1.403 1.098
1.097 1.151 1.294 1.409 1.281 0.996 0.92 0.993 0.93 1.402 1.229 0.701 0.61 1.07 1.403 1.659
0.822 1.151 1.294 1.409 1.281 0.996 0.92 0.993 0.93 1.402 1.229 0.701 0.61 1.07 1.403 1.369
1.227 1.151 1.294 1.409 1.281 0.996 0.92 0.993 0.93 1.402 1.229 0.701 0.61 1.07 1.403 1.146
0.908 1.151 1.294 1.409 1.281 0.996 0.92 0.993 0.93 1.402 1.229 0.701 0.61 1.07 1.403 1.17
1.428 1.151 1.294 1.409 1.281 0.996 0.92 0.993 0.93 1.402 1.229 0.701 0.61 1.07 1.403 1.059
1.023 1.151 1.294 1.409 1.281 0.996 0.92 0.993 0.93 1.402 1.229 0.701 0.61 1.07 1.403 1.469
0.807 1.151 1.294 1.409 1.281 0.996 0.92 0.993 0.93 1.402 1.229 0.701 0.61 1.07 1.403 1.005
0.803 1.151 1.294 1.409 1.281 0.996 0.92 0.993 0.93 1.402 1.229 0.701 0.61 1.07 1.403 1.442
0.878 1.151 1.294 1.409 1.281 0.996 0.92 0.993 0.93 1.402 1.229 0.701 0.61 1.07 1.403 1.198
0.653 1.151 1.294 1.409 1.281 0.996 0.92 0.993 0.93 1.402 1.229 0.701 0.61 1.07 1.403 1.131
0.682 1.151 1.294 1.409 1.281 0.996 0.92 0.993 0.93 1.402 1.229 0.701 0.61 1.07 1.403 0.481
1.239 1.151 1.294 1.409 1.281 0.996 0.92 0.993 0.93 1.402 1.229 0.701 0.61 1.07 1.403 0.747
1.424 1.151 1.294 1.409 1.281 0.996 0.92 0.993 0.93 1.402 1.229 0.701 0.61 1.07 1.403 0.798
0.797 1.151 1.294 1.409 1.281 0.996 0.92 0.993 0.93 1.402 1.229 0.701 0.61 1.07 1.403 1.121
1.138 1.151 1.294 1.409 1.281 0.996 0.92 0.993 0.93 1.402 1.229 0.701 0.61 1.07 1.403 1.513
1.562 1.151 1.294 1.409 1.281 0.996 0.92 0.993 0.93 1.402 1.229 0.701 0.61 1.07 1.403 0.934
0.822 1.151 1.294 1.409 1.281 0.996 0.92 0.993 0.93 1.402 1.229 0.701 0.61 1.07 1.403 0.627
1.405 1.151 1.294 1.409 1.281 0.996 0.92 0.993 0.93 1.402 1.229 0.701 0.61 1.07 1.403 1.443
1.261 1.151 1.294 1.409 1.281 0.996 0.92 0.993 0.93 1.402 1.229 0.701 0.61 1.07 1.403 0.577
0.52 1.151 1.294 1.409 1.281 0.996 0.92 0.993 0.93 1.402 1.229 0.701 0.61 1.07 1.403 1.095
1.609 1.151 1.294 1.409 1.281 0.996 0.92 0.993 0.93 1.402 1.229 0.701 0.61 1.07 1.403 1.255
1.52 1.151 1.294 1.409 1.281 0.996 0.92 0.993 0.93 1.402 1.229 0.701 0.61 1.07 1.403 1.106
1.131 1.151 1.294 1.409 1.281 0.996 0.92 0.993 0.93 1.402 1.229 0.701 0.61 1.07 1.403 0.732
1.539 1.151 1.294 1.409 1.281 0.996 0.92 0.993 0.93 1.402 1.229 0.701 0.61 1.07 1.403 0.891
1.265 1.151 1.294 1.409 1.281 0.996 0.92 0.993 0.93 1.402 1.229 0.701 0.61 1.07 1.403 0.869
1.283 1.151 1.294 1.409 1.281 0.996 0.92 0.993 0.93 1.402 1.229 0.701 0.61 1.07 1.403 1.165
1.46 1.151 1.294 1.409 1.281 0.996 0.92 0.993 0.93 1.402 1.229 0.701 0.61 1.07 1.403 1.205
1.604 1.151 1.294 1.409 1.281 0.996 0.92 0.993 0.93 1.402 1.229 0.701 0.61 1.07 1.403 1.006
1.405 1.151 1.294 1.409 1.281 0.996 0.92 0.993 0.93 1.402 1.229 0.701 0.61 1.07 1.403 1.054
1.724 1.151 1.294 1.409 1.281 0.996 0.92 0.993 0.93 1.402 1.229 0.701 0.61 1.07 1.403 1.54
1.059 1.151 1.294 1.409 1.281 0.996 0.92 0.993 0.93 1.402 1.229 0.701 0.61 1.07 1.403 1.217
0.58 1.151 1.294 1.409 1.281 0.996 0.92 0.993 0.93 1.402 1.229 0.701 0.61 1.07 1.403 1.584
0.841 1.151 1.294 1.409 1.281 0.996 0.92 0.993 0.93 1.402 1.229 0.701 0.61 1.07 1.403 1.456
1.352 1.151 1.294 1.409 1.281 0.996 0.92 0.993 0.93 1.402 1.229 0.701 0.61 1.07 1.403 1.062
1.662 1.151 1.294 1.409 1.281 0.996 0.92 0.993 0.93 1.402 1.229 0.701 0.61 1.07 1.403 1.148
1.562 1.151 1.294 1.409 1.281 0.996 0.92 0.993 0.93 1.402 1.229 0.701 0.61 1.07 1.403 1.318
1.081 1.151 1.294 1.409 1.281 0.996 0.92 0.993 0.93 1.402 1.229 0.701 0.61 1.07 1.403 1.499
1.501 1.151 1.294 1.409 1.281 0.996 0.92 0.993 0.93 1.402 1.229 0.701 0.61 1.07 1.403 0.737
0.539 1.151 1.294 1.409 1.281 0.996 0.92 0.993 0.93 1.402 1.229 0.701 0.61 1.07 1.403 0.786
1.21 1.151 1.294 1.409 1.281 0.996 0.92 0.993 0.93 1.402 1.229 0.701 0.61 1.07 1.403 0.663
1.302 1.151 1.294 1.409 1.281 0.996 0.92 0.993 0.93 1.402 1.229 0.701 0.61 1.07 1.403 1.334
1.272 1.151 1.294 1.409 1.281 0.996 0.92 0.993 0.93 1.402 1.229 0.701 0.61 1.07 1.403 1.597
0.697 1.151 1.294 1.409 1.281 0.996 0.92 0.993 0.93 1.402 1.229 0.701 0.61 1.07 1.403 0.341
0.648 1.151 1.294 1.409 1.281 0.996 0.92 0.993 0.93 1.402 1.229 0.701 0.61 1.07 1.403 0.708
1.358 1.151 1.294 1.409 1.281 0.996 0.92 0.993 0.93 1.402 1.229 0.701 0.61 1.07 1.403 0.843
1.267 1.151 1.294 1.409 1.281 0.996 0.92 0.993 0.93 1.402 1.229 0.701 0.61 1.07 1.403 1.286
1.086 1.151 1.294 1.409 1.281 0.996 0.92 0.993 0.93 1.402 1.229 0.701 0.61 1.07 1.403 1.354
0.933 1.151 1.294 1.409 1.281 0.996 0.92 0.993 0.93 1.402 1.229 0.701 0.61 1.07 1.403 1.121
1.2 1.151 1.294 1.409 1.281 0.996 0.92 0.993 0.93 1.402 1.229 0.701 0.61 1.07 1.403 1.29
1.492 1.151 1.294 1.409 1.281 0.996 0.92 0.993 0.93 1.402 1.229 0.701 0.61 1.07 1.403 1.31
1.019 1.151 1.294 1.409 1.281 0.996 0.92 0.993 0.93 1.402 1.229 0.701 0.61 1.07 1.403 0.91
0.38 1.151 1.294 1.409 1.281 0.996 0.92 0.993 0.93 1.402 1.229 0.701 0.61 1.07 1.403 1.589
0.554 1.151 1.294 1.409 1.281 0.996 0.92 0.993 0.93 1.402 1.229 0.701 0.61 1.07 1.403 1.356
0.798 1.151 1.294 1.409 1.281 0.996 0.92 0.993 0.93 1.402 1.229 0.701 0.61 1.07 1.403 1.248
0.894 1.151 1.294 1.409 1.281 0.996 0.92 0.993 0.93 1.402 1.229 0.701 0.61 1.07 1.403 1.069
1.3 1.151 1.294 1.409 1.281 0.996 0.92 0.993 0.93 1.402 1.229 0.701 0.61 1.07 1.403 1.047
1.069 1.151 1.294 1.409 1.281 0.996 0.92 0.993 0.93 1.402 1.229 0.701 0.61 1.07 1.403 0.781
1.132 1.151 1.294 1.409 1.281 0.996 0.92 0.993 0.93 1.402 1.229 0.701 0.61 1.07 1.403 1.156
0.865 1.151 1.294 1.409 1.281 0.996 0.92 0.993 0.93 1.402 1.229 0.701 0.61 1.07 1.403 0.808
1.05 1.151 1.294 1.409 1.281 0.996 0.92 0.993 0.93 1.402 1.229 0.701 0.61 1.07 1.403 0.654
0.906 1.151 1.294 1.409 1.281 0.996 0.92 0.993 0.93 1.402 1.229 0.701 0.61 1.07 1.403 0.887
0.62 1.151 1.294 1.409 1.281 0.996 0.92 0.993 0.93 1.402 1.229 0.701 0.61 1.07 1.403 0.931
1.091 1.151 1.294 1.409 1.281 0.996 0.92 0.993 0.93 1.402 1.229 0.701 0.61 1.07 1.403 1.057
1.177 1.151 1.294 1.409 1.281 0.996 0.92 0.993 0.93 1.402 1.229 0.701 0.61 1.07 1.403 1.41
1.606 1.151 1.294 1.409 1.281 0.996 0.92 0.993 0.93 1.402 1.229 0.701 0.61 1.07 1.403 1.385
0.974 1.151 1.294 1.409 1.281 0.996 0.92 0.993 0.93 1.402 1.229 0.701 0.61 1.07 1.403 0.897
1.545 1.151 1.294 1.409 1.281 0.996 0.92 0.993 0.93 1.402 1.229 0.701 0.61 1.07 1.403 1.382
0.89 1.151 1.294 1.409 1.281 0.996 0.92 0.993 0.93 1.402 1.229 0.701 0.61 1.07 1.403 0.928
0.943 1.151 1.294 1.409 1.281 0.996 0.92 0.993 0.93 1.402 1.229 0.701 0.61 1.07 1.403 1.185
1.46 1.151 1.294 1.409 1.281 0.996 0.92 0.993 0.93 1.402 1.229 0.701 0.61 1.07 1.403 1.243
1.709 1.151 1.294 1.409 1.281 0.996 0.92 0.993 0.93 1.402 1.229 0.701 0.61 1.07 1.403 1.44
1.696 1.151 1.294 1.409 1.281 0.996 0.92 0.993 0.93 1.402 1.229 0.701 0.61 1.07 1.403 1.489
1.375 1.151 1.294 1.409 1.281 0.996 0.92 0.993 0.93 1.402 1.229 0.701 0.61 1.07 1.403 0.713
1.577 1.151 1.294 1.409 1.281 0.996 0.92 0.993 0.93 1.402 1.229 0.701 0.61 1.07 1.403 1.548
1.418 1.151 1.294 1.409 1.281 0.996 0.92 0.993 0.93 1.402 1.229 0.701 0.61 1.07 1.403 0.85
1.308 1.151 1.294 1.409 1.281 0.996 0.92 0.993 0.93 1.402 1.229 0.701 0.61 1.07 1.403 0.869
0.545 1.151 1.294 1.409 1.281 0.996 0.92 0.993 0.93 1.402 1.229 0.701 0.61 1.07 1.403 0.902
0.779 1.151 1.294 1.409 1.281 0.996 0.92 0.993 0.93 1.402 1.229 0.701 0.61 1.07 1.403 1.61
0.884 1.151 1.294 1.409 1.281 0.996 0.92 0.993 0.93 1.402 1.229 0.701 0.61 1.07 1.403 1.694
0.834 1.151 1.294 1.409 1.281 0.996 0.92 0.993 0.93 1.402 1.229 0.701 0.61 1.07 1.403 0.333
1.277 1.151 1.294 1.409 1.281 0.996 0.92 0.993 0.93 1.402 1.229 0.701 0.61 1.07 1.403 0.981
1.695 1.151 1.294 1.409 1.281 0.996 0.92 0.993 0.93 1.402 1.229 0.701 0.61 1.07 1.403 1.334
0.944 1.151 1.294 1.409 1.281 0.996 0.92 0.993 0.93 1.402 1.229 0.701 0.61 1.07 1.403 0.991
0.978 1.151 1.294 1.409 1.281 0.996 0.92 0.993 0.93 1.402 1.229 0.701 0.61 1.07 1.403 0.666
0.965 1.151 1.294 1.409 1.281 0.996 0.92 0.993 0.93 1.402 1.229 0.701 0.61 1.07 1.403 0.609
1.252 1.151 1.294 1.409 1.281 0.996 0.92 0.993 0.93 1.402 1.229 0.701 0.61 1.07 1.403 1.1
1.148 1.151 1.294 1.409 1.281 0.996 0.92 0.993 0.93 1.402 1.229 0.701 0.61 1.07 1.403 1.011
1.622 1.151 1.294 1.409 1.281 0.996 0.92 0.993 0.93 1.402 1.229 0.701 0.61 1.07 1.403 1.019
1.204 1.151 1.294 1.409 1.281 0.996 0.92 0.993 0.93 1.402 1.229 0.701 0.61 1.07 1.403 1.191
0.608 1.151 1.294 1.409 1.281 0.996 0.92 0.993 0.93 1.402 1.229 0.701 0.61 1.07 1.403 1.208
0.799 1.151 1.294 1.409 1.281 0.996 0.92 0.993 0.93 1.402 1.229 0.701 0.61 1.07 1.403 0.455
0.582 1.151 1.294 1.409 1.281 0.996 0.92 0.993 0.93 1.402 1.229 0.701 0.61 1.07 1.403 0.835
0.915 1.151 1.294 1.409 1.281 0.996 0.92 0.993 0.93 1.402 1.229 0.701 0.61 1.07 1.403 1.427
1.003 1.151 1.294 1.409 1.281 0.996 0.92 0.993 0.93 1.402 1.229 0.701 0.61 1.07 1.403 0.609
0.707 1.151 1.294 1.409 1.281 0.996 0.92 0.993 0.93 1.402 1.229 0.701 0.61 1.07 1.403 1.307
1.463 1.151 1.294 1.409 1.281 0.996 0.92 0.993 0.93 1.402 1.229 0.701 0.61 1.07 1.403 1.266
1.244 1.151 1.294 1.409 1.281 0.996 0.92 0.993 0.93 1.402 1.229 0.701 0.61 1.07 1.403 0.345
1.547 1.151 1.294 1.409 1.281 0.996 0.92 0.993 0.93 1.402 1.229 0.701 0.61 1.07 1.403 1.412
0.688 1.151 1.294 1.409 1.281 0.996 0.92 0.993 0.93 1.402 1.229 0.701 0.61 1.07 1.403 1.614
1.114 1.151 1.294 1.409 1.281 0.996 0.92 0.993 0.93 1.402 1.229 0.701 0.61 1.07 1.403 1.13
0.918 1.151 1.294 1.409 1.281 0.996 0.92 0.993 0.93 1.402 1.229 0.701 0.61 1.07 1.403 1.014
1.017 1.151 1.294 1.409 1.281 0.996 0.92 0.993 0.93 1.402 1.229 0.701 0.61 1.07 1.403 0.349
0.577 1.151 1.294 1.409 1.281 0.996 0.92 0.993 0.93 1.402 1.229 0.701 0.61 1.07 1.403 1.101
1.367 1.151 1.294 1.409 1.281 0.996 0.92 0.993 0.93 1.402 1.229 0.701 0.61 1.07 1.403 1.344
1.207 1.151 1.294 1.409 1.281 0.996 0.92 0.993 0.93 1.402 1.229 0.701 0.61 1.07 1.403 0.975
1.006 1.151 1.294 1.409 1.281 0.996 0.92 0.993 0.93 1.402 1.229 0.701 0.61 1.07 1.403 1.205
1.288 1.151 1.294 1.409 1.281 0.996 0.92 0.993 0.93 1.402 1.229 0.701 0.61 1.07 1.403 0.919
0.999 1.151 1.294 1.409 1.281 0.996 0.92 0.993 0.93 1.402 1.229 0.701 0.61 1.07 1.403 1.034
0.529 1.151 1.294 1.409 1.281 0.996 0.92 0.993 0.93 1.402 1.229 0.701 0.61 1.07 1.403 1.434
1.218 1.151 1.294 1.409 1.281 0.996 0.92 0.993 0.93 1.402 1.229 0.701 0.61 1.07 1.403 1.61
0.513 1.151 1.294 1.409 1.281 0.996 0.92 0.993 0.93 1.402 1.229 0.701 0.61 1.07 1.403 1.381
1.004 1.151 1.294 1.409 1.281 0.996 0.92 0.993 0.93 1.402 1.229 0.701 0.61 1.07 1.403 0.317
1.058 1.151 1.294 1.409 1.281 0.996 0.92 0.993 0.93 1.402 1.229 0.701 0.61 1.07 1.403 0.794
1.231 1.151 1.294 1.409 1.281 0.996 0.92 0.993 0.93 1.402 1.229 0.701 0.61 1.07 1.403 0.685
0.821 1.151 1.294 1.409 1.281 0.996 0.92 0.993 0.93 1.402 1.229 0.701 0.61 1.07 1.403 0.802
1.647 1.151 1.294 1.409 1.281 0.996 0.92 0.993 0.93 1.402 1.229 0.701 0.61 1.07 1.403 0.529
1.058 1.151 1.294 1.409 1.281 0.996 0.92 0.993 0.93 1.402 1.229 0.701 0.61 1.07 1.403 0.649
1.271 1.151 1.294 1.409 1.281 0.996 0.92 0.993 0.93 1.402 1.229 0.701 0.61 1.07 1.403 1.029
0.611 1.151 1.294 1.409 1.281 0.996 0.92 0.993 0.93 1.402 1.229 0.701 0.61 1.07 1.403 1.428
1.373 1.151 1.294 1.409 1.281 0.996 0.92 0.993 0.93 1.402 1.229 0.701 0.61 1.07 1.403 1.152
1.185 1.151 1.294 1.409 1.281 0.996 0.92 0.993 0.93 1.402 1.229 0.701 0.61 1.07 1.403 1.291
1 1.151 1.294 1.409 1.281 0.996 0.92 0.993 0.93 1.402 1.229 0.701 0.61 1.07 1.403 1.677
1.454 1.151 1.294 1.409 1.281 0.996 0.92 0.993 0.93 1.402 1.229 0.701 0.61 1.07 1.403 1.257
0.591 1.151 1.294 1.409 1.281 0.996 0.92 0.993 0.93 1.402 1.229 0.701 0.61 1.07 1.403 1.647
0.478 1.151 1.294 1.409 1.281 0.996 0.92 0.993 0.93 1.402 1.229 0.701 0.61 1.07 1.403 0.63
1.098 1.151 1.294 1.409 1.281 0.996 0.92 0.993 0.93 1.402 1.229 0.701 0.61 1.07 1.403 1.393
0.432 1.151 1.294 1.409 1.281 0.996 0.92 0.993 0.93 1.402 1.229 0.701 0.61 1.07 1.403 0.661
1.046 1.151 1.294 1.409 1.281 0.996 0.92 0.993 0.93 1.402 1.229 0.701 0.61 1.07 1.403 0.989
1.349 1.151 1.294 1.409 1.281 0.996 0.92 0.993 0.93 1.402 1.229 0.701 0.61 1.07 1.403 1.204
1.649 1.151 1.294 1.409 1.281 0.996 0.92 0.993 0.93 1.402 1.229 0.701 0.61 1.07 1.403 1.292
0.927 1.151 1.294 1.409 1.281 0.996 0.92 0.993 0.93 1.402 1.229 0.701 0.61 1.07 1.403 1.144
0.619 1.151 1.294 1.409 1.281 0.996 0.92 0.993 0.93 1.402 1.229 0.701 0.61 1.07 1.403 0.805
1.268 1.151 1.294 1.409 1.281 0.996 0.92 0.993 0.93 1.402 1.229 0.701 0.61 1.07 1.403 1.085
1.458 1.151 1.294 1.409 1.281 0.996 0.92 0.993 0.93 1.402 1.229 0.701 0.61 1.07 1.403 1.357
1.084 1.151 1.294 1.409 1.281 0.996 0.92 0.993 0.93 1.402 1.229 0.701 0.61 1.07 1.403 1.395
1.663 1.151 1.294 1.409 1.281 0.996 0.92 0.993 0.93 1.402 1.229 0.701 0.61 1.07 1.403 1.35
0.578 1.151 1.294 1.409 1.281 0.996 0.92 0.993 0.93 1.402 1.229 0.701 0.61 1.07 1.403 0.786
1.061 1.151 1.294 1.409 1.281 0.996 0.92 0.993 0.93 1.402 1.229 0.701 0.61 1.07 1.403 1.302
0.888 1.151 1.294 1.409 1.281 0.996 0.92 0.993 0.93 1.402 1.229 0.701 0.61 1.07 1.403 1.668
0.868 1.151 1.294 1.409 1.281 0.996 0.92 0.993 0.93 1.402 1.229 0.701 0.61 1.07 1.403 0.992
1.114 1.151 1.294 1.409 1.281 0.996 0.92 0.993 0.93 1.402 1.229 0.701 0.61 1.07 1.403 0.761
0.996 1.151 1.294 1.409 1.281 0.996 0.92 0.993 0.93 1.402 1.229 0.701 0.61 1.07 1.403 0.685
1.166 1.151 1.294 1.409 1.281 0.996 0.92 0.993 0.93 1.402 1.229 0.701 0.61 1.07 1.403 0.816
1.305 1.151 1.294 1.409 1.281 0.996 0.92 0.993 0.93 1.402 1.229 0.701 0.61 1.07 1.403 0.944
1.445 1.151 1.294 1.409 1.281 0.996 0.92 0.993 0.93 1.402 1.229 0.701 0.61 1.07 1.403 1.495
1.572 1.151 1.294 1.409 1.281 0.996 0.92 0.993 0.93 1.402 1.229 0.701 0.61 1.07 1.403 0.416
1.334 1.151 1.294 1.409 1.281 0.996 0.92 0.993 0.93 1.402 1.229 0.701 0.61 1.07 1.403 0.702
1.013 1.151 1.294 1.409 1.281 0.996 0.92 0.993 0.93 1.402 1.229 0.701 0.61 1.07 1.403 1.434
1.237 1.151 1.294 1.409 1.281 0.996 0.92 0.993 0.93 1.402 1.229 0.701 0.61 1.07 1.403 0.72
0.579 1.151 1.294 1.409 1.281 0.996 0.92 0.993 0.93 1.402 1.229 0.701 0.61 1.07 1.403 1.042
0.892 1.151 1.294 1.409 1.281 0.996 0.92 0.993 0.93 1.402 1.229 0.701 0.61 1.07 1.403 1.269
0.829 1.151 1.294 1.409 1.281 0.996 0.92 0.993 0.93 1.402 1.229 0.701 0.61 1.07 1.403 1.219
1.135 1.151 1.294 1.409 1.281 0.996 0.92 0.993 0.93 1.402 1.229 0.701 0.61 1.07 1.403 1.234
0.61 1.151 1.294 1.409 1.281 0.996 0.92 0.993 0.93 1.402 1.229 0.701 0.61 1.07 1.403 0.77
0.673 1.151 1.294 1.409 1.281 0.996 0.92 0.993 0.93 1.402 1.229 0.701 0.61 1.07 1.403 0.46
1.12 1.151 1.294 1.409 1.281 0.996 0.92 0.993 0.93 1.402 1.229 0.701 0.61 1.07 1.403 0.731
1.349 1.151 1.294 1.409 1.281 0.996 0.92 0.993 0.93 1.402 1.229 0.701 0.61 1.07 1.403 0.754
1.299 1.151 1.294 1.409 1.281 0.996 0.92 0.993 0.93 1.402 1.229 0.701 0.61 1.07 1.403 1.531
1.038 1.151 1.294 1.409 1.281 0.996 0.92 0.993 0.93 1.402 1.229 0.701 0.61 1.07 1.403 1.041
0.881 1.151 1.294 1.409 1.281 0.996 0.92 0.993 0.93 1.402 1.229 0.701 0.61 1.07 1.403 1.485
0.676 1.151 1.294 1.409 1.281 0.996 0.92 0.993 0.93 1.402 1.229 0.701 0.61 1.07 1.403 1.239
1.638 1.151 1.294 1.409 1.281 0.996 0.92 0.993 0.93 1.402 1.229 0.701 0.61 1.07 1.403 1.2
0.651 1.151 1.294 1.409 1.281 0.996 0.92 0.993 0.93 1.402 1.229 0.701 0.61 1.07 1.403 0.974
1.126 1.151 1.294 1.409 1.281 0.996 0.92 0.993 0.93 1.402 1.229 0.701 0.61 1.07 1.403 1.303
0.272 1.151 1.294 1.409 1.281 0.996 0.92 0.993 0.93 1.402 1.229 0.701 0.61 1.07 1.403 0.45
1.329 1.151 1.294 1.409 1.281 0.996 0.92 0.993 0.93 1.402 1.229 0.701 0.61 1.07 1.403 1.283
1.041 1.151 1.294 1.409 1.281 0.996 0.92 0.993 0.93 1.402 1.229 0.701 0.61 1.07 1.403 0.928
1.528 1.151 1.294 1.409 1.281 0.996 0.92 0.993 0.93 1.402 1.229 0.701 0.61 1.07 1.403 1.515
1.278 1.151 1.294 1.409 1.281 0.996 0.92 0.993 0.93 1.402 1.229 0.701 0.61 1.07 1.403 0.835
1.074 1.151 1.294 1.409 1.281 0.996 0.92 0.993 0.93 1.402 1.229 0.701 0.61 1.07 1.403 0.935
1.206 1.151 1.294 1.409 1.281 0.996 0.92 0.993 0.93 1.402 1.229 0.701 0.61 1.07 1.403 1.402
0.653 1.151 1.294 1.409 1.281 0.996 0.92 0.993 0.93 1.402 1.229 0.701 0.61 1.07 1.403 1.314
1.409 1.151 1.294 1.409 1.281 0.996 0.92 0.993 0.93 1.402 1.229 0.701 0.61 1.07 1.403 1.403
1.521 1.151 1.294 1.409 1.281 0.996 0.92 0.993 0.93 1.402 1.229 0.701 0.61 1.07 1.403 1.269
1.162 1.151 1.294 1.409 1.281 0.996 0.92 0.993 0.93 1.402 1.229 0.701 0.61 1.07 1.403 0.751
1.694 1.151 1.294 1.409 1.281 0.996 0.92 0.993 0.93 1.402 1.229 0.701 0.61 1.07 1.403 1.494
1.342 1.151 1.294 1.409 1.281 0.996 0.92 0.993 0.93 1.402 1.229 0.701 0.61 1.07 1.403 1.086
1.077 1.151 1.294 1.409 1.281 0.996 0.92 0.993 0.93 1.402 1.229 0.701 0.61 1.07 1.403 1.292
1.265 1.151 1.294 1.409 1.281 0.996 0.92 0.993 0.93 1.402 1.229 0.701 0.61 1.07 1.403 0.385
1.07 1.151 1.294 1.409 1.281 0.996 0.92 0.993 0.93 1.402 1.229 0.701 0.61 1.07 1.403 1.153
1.199 1.151 1.294 1.409 1.281 0.996 0.92 0.993 0.93 1.402 1.229 0.701 0.61 1.07 1.403 0.902
1.484 1.151 1.294 1.409 1.281 0.996 0.92 0.993 0.93 1.402 1.229 0.701 0.61 1.07 1.403 0.954
1.404 1.151 1.294 1.409 1.281 0.996 0.92 0.993 0.93 1.402 1.229 0.701 0.61 1.07 1.403 1.185
0.964 1.151 1.294 1.409 1.281 0.996 0.92 0.993 0.93 1.402 1.229 0.701 0.61 1.07 1.403 1.267
1.057 1.151 1.294 1.409 1.281 0.996 0.92 0.993 0.93 1.402 1.229 0.701 0.61 1.07 1.403 0.469
0.892 1.151 1.294 1.409 1.281 0.996 0.92 0.993 0.93 1.402 1.229 0.701 0.61 1.07 1.403 1.044
0.743 1.151 1.294 1.409 1.281 0.996 0.92 0.993 0.93 1.402 1.229 0.701 0.61 1.07 1.403 1.26
1.21 1.151 1.294 1.409 1.281 0.996 0.92 0.993 0.93 1.402 1.229 0.701 0.61 1.07 1.403 1.346
0.914 1.151 1.294 1.409 1.281 0.996 0.92 0.993 0.93 1.402 1.229 0.701 0.61 1.07 1.403 1.007
1.068 1.151 1.294 1.409 1.281 0.996 0.92 0.993 0.93 1.402 1.229 0.701 0.61 1.07 1.403 1.255
0.639 1.151 1.294 1.409 1.281 0.996 0.92 0.993 0.93 1.402 1.229 0.701 0.61 1.07 1.403 1.634
1.405 1.151 1.294 1.409 1.281 0.996 0.92 0.993 0.93 1.402 1.229 0.701 0.61 1.07 1.403 1.294
1.25 1.151 1.294 1.409 1.281 0.996 0.92 0.993 0.93 1.402 1.229 0.701 0.61 1.07 1.403 1.495
1.315 1.151 1.294 1.409 1.281 0.996 0.92 0.993 0.93 1.402 1.229 0.701 0.61 1.07 1.403 1.51
1.032 1.151 1.294 1.409 1.281 0.996 0.92 0.993 0.93 1.402 1.229 0.701 0.61 1.07 1.403 1.146
1.411 1.151 1.294 1.409 1.281 0.996 0.92 0.993 0.93 1.402 1.229 0.701 0.61 1.07 1.403 1.454
0.911 1.151 1.294 1.409 1.281 0.996 0.92 0.993 0.93 1.402 1.229 0.701 0.61 1.07 1.403 1.236
1.156 1.151 1.294 1.409 1.281 0.996 0.92 0.993 0.93 1.402 1.229 0.701 0.61 1.07 1.403 0.655
1.401 1.151 1.294 1.409 1.281 0.996 0.92 0.993 0.93 1.402 1.229 0.701 0.61 1.07 1.403 1.251
0.685 1.151 1.294 1.409 1.281 0.996 0.92 0.993 0.93 1.402 1.229 0.701 0.61 1.07 1.403 0.729
0.993 1.151 1.294 1.409 1.281 0.996 0.92 0.993 0.93 1.402 1.229 0.701 0.61 1.07 1.403 1.358
0.853 1.151 1.294 1.409 1.281 0.996 0.92 0.993 0.93 1.402 1.229 0.701 0.61 1.07 1.403 0.844
1.51 1.151 1.294 1.409 1.281 0.996 0.92 0.993 0.93 1.402 1.229 0.701 0.61 1.07 1.403 1.484
0.676 1.151 1.294 1.409 1.281 0.996 0.92 0.993 0.93 1.402 1.229 0.701 0.61 1.07 1.403 0.934
1.031 1.151 1.294 1.409 1.281 0.996 0.92 0.993 0.93 1.402 1.229 0.701 0.61 1.07 1.403 0.942
1.261 1.151 1.294 1.409 1.281 0.996 0.92 0.993 0.93 1.402 1.229 0.701 0.61 1.07 1.403 0.741
0.846 1.151 1.294 1.409 1.281 0.996 0.92 0.993 0.93 1.402 1.229 0.701 0.61 1.07 1.403 0.661
1.242 1.151 1.294 1.409 1.281 0.996 0.92 0.993 0.93 1.402 1.229 0.701 0.61 1.07 1.403 1.37
1.356 1.151 1.294 1.409 1.281 0.996 0.92 0.993 0.93 1.402 1.229 0.701 0.61 1.07 1.403 1.206
1.027 1.151 1.294 1.409 1.281 0.996 0.92 0.993 0.93 1.402 1.229 0.701 0.61 1.07 1.403 0.944
1.707 1.151 1.294 1.409 1.281 0.996 0.92 0.993 0.93 1.402 1.229 0.701 0.61 1.07 1.403 1.485
0.965 1.151 1.294 1.409 1.281 0.996 0.92 0.993 0.93 1.402 1.229 0.701 0.61 1.07 1.403 0.907
1.638 1.151 1.294 1.409 1.281 0.996 0.92 0.993 0.93 1.402 1.229 0.701 0.61 1.07 1.403 1.142
0.899 1.151 1.294 1.409 1.281 0.996 0.92 0.993 0.93 1.402 1.229 0.701 0.61 1.07 1.403 0.495
1.022 1.151 1.294 1.409 1.281 0.996 0.92 0.993 0.93 1.402 1.229 0.701 0.61 1.07 1.403 1.426
0.875 1.151 1.294 1.409 1.281 0.996 0.92 0.993 0.93 1.402 1.229 0.701 0.61 1.07 1.403 1.429
0.938 1.151 1.294 1.409 1.281 0.996 0.92 0.993 0.93 1.402 1.229 0.701 0.61 1.07 1.403 1.668
0.717 1.151 1.294 1.409 1.281 0.996 0.92 0.993 0.93 1.402 1.229 0.701 0.61 1.07 1.403 0.7
0.722 1.151 1.294 1.409 1.281 0.996 0.92 0.993 0.93 1.402 1.229 0.701 0.61 1.07 1.403 0.832
1.059 1.151 1.294 1.409 1.281 0.996 0.92 0.993 0.93 1.402 1.229 0.701 0.61 1.07 1.403 1.144
1.022 1.151 1.294 1.409 1.281 0.996 0.92 0.993 0.93 1.402 1.229 0.701 0.61 1.07 1.403 1.33
0.856 1.151 1.294 1.409 1.281 0.996 0.92 0.993 0.93 1.402 1.229 0.701 0.61 1.07 1.403 1.223
0.925 1.151 1.294 1.409 1.281 0.996 0.92 0.993 0.93 1.402 1.229 0.701 0.61 1.07 1.403 0.393
1.661 1.151 1.294 1.409 1.281 0.996 0.92 0.993 0.93 1.402 1.229 0.701 0.61 1.07 1.403 0.326
0.895 1.151 1.294 1.409 1.281 0.996 0.92 0.993 0.93 1.402 1.229 0.701 0.61 1.07 1.403 1.041
1.143 1.151 1.294 1.409 1.281 0.996 0.92 0.993 0.93 1.402 1.229 0.701 0.61 1.07 1.403 0.882
1.647 1.151 1.294 1.409 1.281 0.996 0.92 0.993 0.93 1.402 1.229 0.701 0.61 1.07 1.403 1.591
0.689 1.151 1.294 1.409 1.281 0.996 0.92 0.993 0.93 1.402 1.229 0.701 0.61 1.07 1.403 1.077
1.044 1.151 1.294 1.409 1.281 0.996 0.92 0.993 0.93 1.402 1.229 0.701 0.61 1.07 1.403 0.881
1.403 1.151 1.294 1.409 1.281 0.996 0.92 0.993 0.93 1.402 1.229 0.701 0.61 1.07 1.403 1.252
1.015 1.151 1.294 1.409 1.281 0.996 0.92 0.993 0.93 1.402 1.229 0.701 0.61 1.07 1.403 1.058
0.938 1.151 1.294 1.409 1.281 0.996 0.92 0.993 0.93 1.402 1.229 0.701 0.61 1.07 1.403 0.824
1.031 1.151 1.294 1.409 1.281 0.996 0.92 0.993 0.93 1.402 1.229 0.701 0.61 1.07 1.403 1.253
0.755 1.151 1.294 1.409 1.281 0.996 0.92 0.993 0.93 1.402 1.229 0.701 0.61 1.07 1.403 1.582
0.737 1.151 1.294 1.409 1.281 0.996 0.92 0.993 0.93 1.402 1.229 0.701 0.61 1.07 1.403 1.069
1.253 1.151 1.294 1.409 1.281 0.996 0.92 0.993 0.93 1.402 1.229 0.701 0.61 1.07 1.403 0.436
1.33 1.151 1.294 1.409 1.281 0.996 0.92 0.993 0.93 1.402 1.229 0.701 0.61 1.07 1.403 0.736
0.988 1.151 1.294 1.409 1.281 0.996 0.92 0.993 0.93 1.402 1.229 0.701 0.61 1.07 1.403 0.904
0.739 1.151 1.294 1.409 1.281 0.996 0.92 0.993 0.93 1.402 1.229 0.701 0.61 1.07 1.403 0.812
1.449 1.151 1.294 1.409 1.281 0.996 0.92 0.993 0.93 1.402 1.229 0.701 0.61 1.07 1.403 1.249
0.904 1.151 1.294 1.409 1.281 0.996 0.92 0.993 0.93 1.402 1.229 0.701 0.61 1.07 1.403 1.239
1.524 1.151 1.294 1.409 1.281 0.996 0.92 0.993 0.93 1.402 1.229 0.701 0.61 1.07 1.403 1.674
0.967 1.151 1.294 1.409 1.281 0.996 0.92 0.993 0.93 1.402 1.229 0.701 0.61 1.07 1.403 0.789
0.947 1.151 1.294 1.409 1.281 0.996 0.92 0.993 0.93 1.402 1.229 0.701 0.61 1.07 1.403 1.182
0.95 1.151 1.294 1.409 1.281 0.996 0.92 0.993 0.93 1.402 1.229 0.701 0.61 1.07 1.403 1.059
1.656 1.151 1.294 1.409 1.281 0.996 0.92 0.993 0.93 1.402 1.229 0.701 0.61 1.07 1.403 0.685
0.381 1.151 1.294 1.409 1.281 0.996 0.92 0.993 0.93 1.402 1.229 0.701 0.61 1.07 1.403 1.221
1.075 1.151 1.294 1.409 1.281 0.996 0.92 0.993 0.93 1.402 1.229 0.701 0.61 1.07 1.403 0.453
1.17 1.151 1.294 1.409 1.281 0.996 0.92 0.993 0.93 1.402 1.229 0.701 0.61 1.07 1.403 0.478
1.09 1.151 1.294 1.409 1.281 0.996 0.92 0.993 0.93 1.402 1.229 0.701 0.61 1.07 1.403 1.443
0.837 1.151 1.294 1.409 1.281 0.996 0.92 0.993 0.93 1.402 1.229 0.701 0.61 1.07 1.403 0.927
1.051 1.151 1.294 1.409 1.281 0.996 0.92 0.993 0.93 1.402 1.229 0.701 0.61 1.07 1.403 1.358
1.19 1.151 1.294 1.409 1.281 0.996 0.92 0.993 0.93 1.402 1.229 0.701 0.61 1.07 1.403 0.957
0.995 1.151 1.294 1.409 1.281 0.996 0.92 0.993 0.93 1.402 1.229 0.701 0.61 1.07 1.403 0.829
1.448 1.151 1.294 1.409 1.281 0.996 0.92 0.993 0.93 1.402 1.229 0.701 0.61 1.07 1.403 1.507
1.082 1.151 1.294 1.409 1.281 0.996 0.92 0.993 0.93 1.402 1.229 0.701 0.61 1.07 1.403 1.049
1.041 1.151 1.294 1.409 1.281 0.996 0.92 0.993 0.93 1.402 1.229 0.701 0.61 1.07 1.403 1.107
0.915 1.151 1.294 1.409 1.281 0.996 0.92 0.993 0.93 1.402 1.229 0.701 0.61 1.07 1.403 1.46
1.57 1.151 1.294 1.409 1.281 0.996 0.92 0.993 0.93 1.402 1.229 0.701 0.61 1.07 1.403 0.786
1.616 1.151 1.294 1.409 1.281 0.996 0.92 0.993 0.93 1.402 1.229 0.701 0.61 1.07 1.403 0.924
0.665 1.151 1.294 1.409 1.281 0.996 0.92 0.993 0.93 1.402 1.229 0.701 0.61 1.07 1.403 1.008
0.4 1.151 1.294 1.409 1.281 0.996 0.92 0.993 0.93 1.402 1.229 0.701 0.61 1.07 1.403 0.515
1.231 1.151 1.294 1.409 1.281 0.996 0.92 0.993 0.93 1.402 1.229 0.701 0.61 1.07 1.403 0.799
1.364 1.151 1.294 1.409 1.281 0.996 0.92 0.993 0.93 1.402 1.229 0.701 0.61 1.07 1.403 1.627
1.637 1.151 1.294 1.409 1.281 0.996 0.92 0.993 0.93 1.402 1.229 0.701 0.61 1.07 1.403 1.214
1.525 1.151 1.294 1.409 1.281 0.996 0.92 0.993 0.93 1.402 1.229 0.701 0.61 1.07 1.403 0.795
1.089 1.151 1.294 1.409 1.281 0.996 0.92 0.993 0.93 1.402 1.229 0.701 0.61 1.07 1.403 1.257
1.276 1.151 1.294 1.409 1.281 0.996 0.92 0.993 0.93 1.402 1.229 0.701 0.61 1.07 1.403 1.187
1.14 1.151 1.294 1.409 1.281 0.996 0.92 0.993 0.93 1.402 1.229 0.701 0.61 1.07 1.403 1.645
1.52 1.151 1.294 1.409 1.281 0.996 0.92 0.993 0.93 1.402 1.229 0.701 0.61 1.07 1.403 0.97
0.969 1.151 1.294 1.409 1.281 0.996 0.92 0.993 0.93 1.402 1.229 0.701 0.61 1.07 1.403 1.208
1.044 1.151 1.294 1.409 1.281 0.996 0.92 0.993 0.93 1.402 1.229 0.701 0.61 1.07 1.403 0.986
1.349 1.151 1.294 1.409 1.281 0.996 0.92 0.993 0.93 1.402 1.229 0.701 0.61 1.07 1.403 1.389
1 1.151 1.294 1.409 1.281 0.996 0.92 0.993 0.93 1.402 1.229 0.701 0.61 1.07 1.403 1.047
1.235 1.151 1.294 1.409 1.281 0.996 0.92 0.993 0.93 1.402 1.229 0.701 0.61 1.07 1.403 1.118
0.586 1.151 1.294 1.409 1.281 0.996 0.92 0.993 0.93 1.402 1.229 0.701 0.61 1.07 1.403 1.378
1.069 1.151 1.294 1.409 1.281 0.996 0.92 0.993 0.93 1.402 1.229 0.701 0.61 1.07 1.403 0.655
1.075 1.151 1.294 1.409 1.281 0.996 0.92 0.993 0.93 1.402 1.229 0.701 0.61 1.07 1.403 1.177
0.989 1.151 1.294 1.409 1.281 0.996 0.92 0.993 0.93 1.402 1.229 0.701 0.61 1.07 1.403 0.772
0.96 1.151 1.294 1.409 1.281 0.996 0.92 0.993 0.93 1.402 1.229 0.701 0.61 1.07 1.403 0.906
0.947 1.151 1.294 1.409 1.281 0.996 0.92 0.993 0.93 1.402 1.229 0.701 0.61 1.07 1.403 0.794
0.81 1.151 1.294 1.409 1.281 0.996 0.92 0.993 0.93 1.402 1.229 0.701 0.61 1.07 1.403 1.425
1.296 1.151 1.294 1.409 1.281 0.996 0.92 0.993 0.93 1.402 1.229 0.701 0.61 1.07 1.403 1.613
1.029 1.151 1.294 1.409 1.281 0.996 0.92 0.993 0.93 1.402 1.229 0.701 0.61 1.07 1.403 1.446
1.295 1.151 1.294 1.409 1.281 0.996 0.92 0.993 0.93 1.402 1.229 0.701 0.61 1.07 1.403 0.782
0.816 1.151 1.294 1.409 1.281 0.996 0.92 0.993 0.93 1.402 1.229 0.701 0.61 1.07 1.403 0.716
0.382 1.151 1.294 1.409 1.281 0.996 0.92 0.993 0.93 1.402 1.229 0.701 0.61 1.07 1.403 0.493
1.266 1.151 1.294 1.409 1.281 0.996 0.92 0.993 0.93 1.402 1.229 0.701 0.61 1.07 1.403 1.225
1.088 1.151 1.294 1.409 1.281 0.996 0.92 0.993 0.93 1.402 1.229 0.701 0.61 1.07 1.403 0.801
0.621 1.151 1.294 1.409 1.281 0.996 0.92 0.993 0.93 1.402 1.229 0.701 0.61 1.07 1.403 1.391
1.571 1.151 1.294 1.409 1.281 0.996 0.92 0.993 0.93 1.402 1.229 0.701 0.61 1.07 1.403 1.462
1.459 1.151 1.294 1.409 1.281 0.996 0.92 0.993 0.93 1.402 1.229 0.701 0.61 1.07 1.403 0.759
0.85 1.151 1.294 1.409 1.281 0.996 0.92 0.993 0.93 1.402 1.229 0.701 0.61 1.07 1.403 1.246
0.771 1.151 1.294 1.409 1.281 0.996 0.92 0.993 0.93 1.402 1.229 0.701 0.61 1.07 1.403 1.248
1.582 1.151 1.294 1.409 1.281 0.996 0.92 0.993 0.93 1.402 1.229 0.701 0.61 1.07 1.403 0.582
0.935 1.151 1.294 1.409 1.281 0.996 0.92 0.993 0.93 1.402 1.229 0.701 0.61 1.07 1.403 0.825
1.247 1.151 1.294 1.409 1.281 0.996 0.92 0.993 0.93 1.402 1.229 0.701 0.61 1.07 1.403 0.78
1.053 1.151 1.294 1.409 1.281 0.996 0.92 0.993 0.93 1.402 1.229 0.701 0.61 1.07 1.403 0.88
0.624 1.151 1.294 1.409 1.281 0.996 0.92 0.993 0.93 1.402 1.229 0.701 0.61 1.07 1.403 0.839
1.248 1.151 1.294 1.409 1.281 0.996 0.92 0.993 0.93 1.402 1.229 0.701 0.61 1.07 1.403 0.466
0.665 1.151 1.294 1.409 1.281 0.996 0.92 0.993 0.93 1.402 1.229 0.701 0.61 1.07 1.403 0.755
0.719 1.151 1.294 1.409 1.281 0.996 0.92 0.993 0.93 1.402 1.229 0.701 0.61 1.07 1.403 0.653
1.347 1.151 1.294 1.409 1.281 0.996 0.92 0.993 0.93 1.402 1.229 0.701 0.61 1.07 1.403 1.033
1.472 1.151 1.294 1.409 1.281 0.996 0.92 0.993 0.93 1.402 1.229 0.701 0.61 1.07 1.403 1.386
1.271 1.151 1.294 1.409 1.281 0.996 0.92 0.993 0.93 1.402 1.229 0.701 0.61 1.07 1.403 1.552
0.797 1.151 1.294 1.409 1.281 0.996 0.92 0.993 0.93 1.402 1.229 0.701 0.61 1.07 1.403 0.688
1.14 1.151 1.294 1.409 1.281 0.996 0.92 0.993 0.93 1.402 1.229 0.701 0.61 1.07 1.403 1.442
0.938 1.151 1.294 1.409 1.281 0.996 0.92 0.993 0.93 1.402 1.229 0.701 0.61 1.07 1.403 1.293
1.237 1.151 1.294 1.409 1.281 0.996 0.92 0.993 0.93 1.402 1.229 0.701 0.61 1.07 1.403 0.693
0.708 1.151 1.294 1.409 1.281 0.996 0.92 0.993 0.93 1.402 1.229 0.701 0.61 1.07 1.403 0.938
1.109 1.151 1.294 1.409 1.281 0.996 0.92 0.993 0.93 1.402 1.229 0.701 0.61 1.07 1.403 0.868
1.354 1.151 1.294 1.409 1.281 0.996 0.92 0.993 0.93 1.402 1.229 0.701 0.61 1.07 1.403 0.898
0.851 1.151 1.294 1.409 1.281 0.996 0.92 0.993 0.93 1.402 1.229 0.701 0.61 1.07 1.403 0.583
1.042 1.151 1.294 1.409 1.281 0.996 0.92 0.993 0.93 1.402 1.229 0.701 0.61 1.07 1.403 1.09
0.982 1.151 1.294 1.409 1.281 0.996 0.92 0.993 0.93 1.402 1.229 0.701 0.61 1.07 1.403 1.236
0.867 1.151 1.294 1.409 1.281 0.996 0.92 0.993 0.93 1.402 1.229 0.701 0.61 1.07 1.403 1.363
0.781 1.151 1.294 1.409 1.281 0.996 0.92 0.993 0.93 1.402 1.229 0.701 0.61 1.07 1.403 1.1
0.439 1.151 1.294 1.409 1.281 0.996 0.92 0.993 0.93 1.402 1.229 0.701 0.61 1.07 1.403 1.341
1.24 1.151 1.294 1.409 1.281 0.996 0.92 0.993 0.93 1.402 1.229 0.701 0.61 1.07 1.403 1.286
1.296 1.151 1.294 1.409 1.281 0.996 0.92 0.993 0.93 1.402 1.229 0.701 0.61 1.07 1.403 1.285
1.306 1.151 1.294 1.409 1.281 0.996 0.92 0.993 0.93 1.402 1.229 0.701 0.61 1.07 1.403 0.948
1.632 1.151 1.294 1.409 1.281 0.996 0.92 0.993 0.93 1.402 1.229 0.701 0.61 1.07 1.403 1.533
0.768 1.151 1.294 1.409 1.281 0.996 0.92 0.993 0.93 1.402 1.229 0.701 0.61 1.07 1.403 1.225
1.058 1.151 1.294 1.409 1.281 0.996 0.92 0.993 0.93 1.402 1.229 0.701 0.61 1.07 1.403 1.025
1.169 1.151 1.294 1.409 1.281 0.996 0.92 0.993 0.93 1.402 1.229 0.701 0.61 1.07 1.403 0.483
0.798 1.151 1.294 1.409 1.281 0.996 0.92 0.993 0.93 1.402 1.229 0.701 0.61 1.07 1.403 0.888
1.045 1.151 1.294 1.409 1.281 0.996 0.92 0.993 0.93 1.402 1.229 0.701 0.61 1.07 1.403 1.074
1.177 1.151 1.294 1.409 1.281 0.996 0.92 0.993 0.93 1.402 1.229 0.701 0.61 1.07 1.403 0.724
0.999 1.151 1.294 1.409 1.281 0.996 0.92 0.993 0.93 1.402 1.229 0.701 0.61 1.07 1.403 0.899
1.321 1.151 1.294 1.409 1.281 0.996 0.92 0.993 0.93 1.402 1.229 0.701 0.61 1.07 1.403 0.704
1.007 1.151 1.294 1.409 1.281 0.996 0.92 0.993 0.93 1.402 1.229 0.701 0.61 1.07 1.403 1.008
1.203 1.151 1.294 1.409 1.281 0.996 0.92 0.993 0.93 1.402 1.229 0.701 0.61 1.07 1.403 0.839
0.979 1.151 1.294 1.409 1.281 0.996 0.92 0.993 0.93 1.402 1.229 0.701 0.61 1.07 1.403 0.967
0.776 1.151 1.294 1.409 1.281 0.996 0.92 0.993 0.93 1.402 1.229 0.701 0.61 1.07 1.403 1.151
1.311 1.151 1.294 1.409 1.281 0.996 0.92 0.993 0.93 1.402 1.229 0.701 0.61 1.07 1.403 1.019
1.176 1.151 1.294 1.409 1.281 0.996 0.92 0.993 0.93 1.402 1.229 0.701 0.61 1.07 1.403 1.569
0.979 1.151 1.294 1.409 1.281 0.996 0.92 0.993 0.93 1.402 1.229 0.701 0.61 1.07 1.403 0.897
1.211 1.151 1.294 1.409 1.281 0.996 0.92 0.993 0.93 1.402 1.229 0.701 0.61 1.07 1.403 1.036
1.29 1.151 1.294 1.409 1.281 0.996 0.92 0.993 0.93 1.402 1.229 0.701 0.61 1.07 1.403 1.425
1.464 1.151 1.294 1.409 1.281 0.996 0.92 0.993 0.93 1.402 1.229 0.701 0.61 1.07 1.403 1.035
1.478 1.151 1.294 1.409 1.281 0.996 0.92 0.993 0.93 1.402 1.229 0.701 0.61 1.07 1.403 1.52
0.534 1.151 1.294 1.409 1.281 0.996 0.92 0.993 0.93 1.402 1.229 0.701 0.61 1.07 1.403 1.425
0.985 1.151 1.294 1.409 1.281 0.996 0.92 0.993 0.93 1.402 1.229 0.701 0.61 1.07 1.403 0.904
1.631 1.151 1.294 1.409 1.281 0.996 0.92 0.993 0.93 1.402 1.229 0.701 0.61 1.07 1.403 1.527
1.333 1.151 1.294 1.409 1.281 0.996 0.92 0.993 0.93 1.402 1.229 0.701 0.61 1.07 1.403 0.411
1.105 1.151 1.294 1.409 1.281 0.996 0.92 0.993 0.93 1.402 1.229 0.701 0.61 1.07 1.403 0.882
1.187 1.151 1.294 1.409 1.281 0.996 0.92 0.993 0.93 1.402 1.229 0.701 0.61 1.07 1.403 0.788
1.107 1.151 1.294 1.409 1.281 0.996 0.92 0.993 0.93 1.402 1.229 0.701 0.61 1.07 1.403 0.882
1.214 1.151 1.294 1.409 1.281 0.996 0.92 0.993 0.93 1.402 1.229 0.701 0.61 1.07 1.403 1.472
0.943 1.151 1.294 1.409 1.281 0.996 0.92 0.993 0.93 1.402 1.229 0.701 0.61 1.07 1.403 1.607
0.885 1.151 1.294 1.409 1.281 0.996 0.92 0.993 0.93 1.402 1.229 0.701 0.61 1.07 1.403 1.139
1.545 1.151 1.294 1.409 1.281 0.996 0.92 0.993 0.93 1.402 1.229 0.701 0.61 1.07 1.403 1.178
1.081 1.151 1.294 1.409 1.281 0.996 0.92 0.993 0.93 1.402 1.229 0.701 0.61 1.07 1.403 1.29
1.138 1.151 1.294 1.409 1.281 0.996 0.92 0.993 0.93 1.402 1.229 0.701 0.61 1.07 1.403 1.337
1.191 1.151 1.294 1.409 1.281 0.996 0.92 0.993 0.93 1.402 1.229 0.701 0.61 1.07 1.403 0.898
1.139 1.151 1.294 1.409 1.281 0.996 0.92 0.993 0.93 1.402 1.229 0.701 0.61 1.07 1.403 1.314
1.148 1.151 1.294 1.409 1.281 0.996 0.92 0.993 0.93 1.402 1.229 0.701 0.61 1.07 1.403 1.203
1.108 1.151 1.294 1.409 1.281 0.996 0.92 0.993 0.93 1.402 1.229 0.701 0.61 1.07 1.403 0.798
0.986 1.151 1.294 1.409 1.281 0.996 0.92 0.993 0.93 1.402 1.229 0.701 0.61 1.07 1.403 1.428
1.326 1.151 1.294 1.409 1.281 0.996 0.92 0.993 0.93 1.402 1.229 0.701 0.61 1.07 1.403 1.525
0.478 1.151 1.294 1.409 1.281 0.996 0.92 0.993 0.93 1.402 1.229 0.701 0.61 1.07 1.403 1.039
1.139 1.151 1.294 1.409 1.281 0.996 0.92 0.993 0.93 1.402 1.229 0.701 0.61 1.07 1.403 0.807
0.736 1.151 1.294 1.409 1.281 0.996 0.92 0.993 0.93 1.402 1.229 0.701 0.61 1.07 1.403 0.795
0.897 1.151 1.294 1.409 1.281 0.996 0.92 0.993 0.93 1.402 1.229 0.701 0.61 1.07 1.403 0.947
1.156 1.151 1.294 1.409 1.281 0.996 0.92 0.993 0.93 1.402 1.229 0.701 0.61 1.07 1.403 1.144
1.207 1.151 1.294 1.409 1.281 0.996 0.92 0.993 0.93 1.402 1.229 0.701 0.61 1.07 1.403 0.93
0.894 1.151 1.294 1.409 1.281 0.996 0.92 0.993 0.93 1.402 1.229 0.701 0.61 1.07 1.403 1.158
0.935 1.151 1.294 1.409 1.281 0.996 0.92 0.993 0.93 1.402 1.229 0.701 0.61 1.07 1.403 0.611
0.779 1.151 1.294 1.409 1.281 0.996 0.92 0.993 0.93 1.402 1.229 0.701 0.61 1.07 1.403 1.022
1.124 1.151 1.294 1.409 1.281 0.996 0.92 0.993 0.93 1.402 1.229 0.701 0.61 1.07 1.403 1.005
1.232 1.151 1.294 1.409 1.281 0.996 0.92 0.993 0.93 1.402 1.229 0.701 0.61 1.07 1.403 0.892
1.67 1.151 1.294 1.409 1.281 0.996 0.92 0.993 0.93 1.402 1.229 0.701 0.61 1.07 1.403 0.692
0.786 1.151 1.294 1.409 1.281 0.996 0.92 0.993 0.93 1.402 1.229 0.701 0.61 1.07 1.403 0.448
1.337 1.151 1.294 1.409 1.281 0.996 0.92 0.993 0.93 1.402 1.229 0.701 0.61 1.07 1.403 1.194
1.157 1.151 1.294 1.409 1.281 0.996 0.92 0.993 0.93 1.402 1.229 0.701 0.61 1.07 1.403 0.606
0.836 1.151 1.294 1.409 1.281 0.996 0.92 0.993 0.93 1.402 1.229 0.701 0.61 1.07 1.403 1.287
1.014 1.151 1.294 1.409 1.281 0.996 0.92 0.993 0.93 1.402 1.229 0.701 0.61 1.07 1.403 1.187
1.163 1.151 1.294 1.409 1.281 0.996 0.92 0.993 0.93 1.402 1.229 0.701 0.61 1.07 1.403 1.188
1.663 1.151 1.294 1.409 1.281 0.996 0.92 0.993 0.93 1.402 1.229 0.701 0.61 1.07 1.403 0.711
0.509 1.151 1.294 1.409 1.281 0.996 0.92 0.993 0.93 1.402 1.229 0.701 0.61 1.07 1.403 1.248
1.313 1.151 1.294 1.409 1.281 0.996 0.92 0.993 0.93 1.402 1.229 0.701 0.61 1.07 1.403 1.352
1.342 1.151 1.294 1.409 1.281 0.996 0.92 0.993 0.93 1.402 1.229 0.701 0.61 1.07 1.403 0.866
1.071 1.151 1.294 1.409 1.281 0.996 0.92 0.993 0.93 1.402 1.229 0.701 0.61 1.07 1.403 1.176
1.01 1.151 1.294 1.409 1.281 0.996 0.92 0.993 0.93 1.402 1.229 0.701 0.61 1.07 1.403 0.5
1.251 1.151 1.294 1.409 1.281 0.996 0.92 0.993 0.93 1.402 1.229 0.701 0.61 1.07 1.403 1.385
0.666 1.151 1.294 1.409 1.281 0.996 0.92 0.993 0.93 1.402 1.229 0.701 0.61 1.07 1.403 0.81
1.44 1.151 1.294 1.409 1.281 0.996 0.92 0.993 0.93 1.402 1.229 0.701 0.61 1.07 1.403 1.249
0.746 1.151 1.294 1.409 1.281 0.996 0.92 0.993 0.93 1.402 1.229 0.701 0.61 1.07 1.403 0.928
1.129 1.151 1.294 1.409 1.281 0.996 0.92 0.993 0.93 1.402 1.229 0.701 0.61 1.07 1.403 0.834
1.233 1.151 1.294 1.409 1.281 0.996 0.92 0.993 0.93 1.402 1.229 0.701 0.61 1.07 1.403 1.479
0.664 1.151 1.294 1.409 1.281 0.996 0.92 0.993 0.93 1.402 1.229 0.701 0.61 1.07 1.403 1.212
1.537 1.151 1.294 1.409 1.281 0.996 0.92 0.993 0.93 1.402 1.229 0.701 0.61 1.07 1.403 0.915
1.579 1.151 1.294 1.409 1.281 0.996 0.92 0.993 0.93 1.402 1.229 0.701 0.61 1.07 1.403 0.735
0.967 1.151 1.294 1.409 1.281 0.996 0.92 0.993 0.93 1.402 1.229 0.701 0.61 1.07 1.403 1.085
1.362 1.151 1.294 1.409 1.281 0.996 0.92 0.993 0.93 1.402 1.229 0.701 0.61 1.07 1.403 0.675
0.92 1.151 1.294 1.409 1.281 0.996 0.92 0.993 0.93 1.402 1.229 0.701 0.61 1.07 1.403 1.296
1.305 1.151 1.294 1.409 1.281 0.996 0.92 0.993 0.93 1.402 1.229 0.701 0.61 1.07 1.403 1.656
1.171 1.151 1.294 1.409 1.281 0.996 0.92 0.993 0.93 1.402 1.229 0.701 0.61 1.07 1.403 1.328
0.804 1.151 1.294 1.409 1.281 0.996 0.92 0.993 0.93 1.402 1.229 0.701 0.61 1.07 1.403 1.253
0.944 1.151 1.294 1.409 1.281 0.996 0.92 0.993 0.93 1.402 1.229 0.701 0.61 1.07 1.403 0.644
0.804 1.151 1.294 1.409 1.281 0.996 0.92 0.993 0.93 1.402 1.229 0.701 0.61 1.07 1.403 0.673
0.918 1.151 1.294 1.409 1.281 0.996 0.92 0.993 0.93 1.402 1.229 0.701 0.61 1.07 1.403 1.679
1.518 1.151 1.294 1.409 1.281 0.996 0.92 0.993 0.93 1.402 1.229 0.701 0.61 1.07 1.403 0.777
1.428 1.151 1.294 1.409 1.281 0.996 0.92 0.993 0.93 1.402 1.229 0.701 0.61 1.07 1.403 1.476
1.089 1.151 1.294 1.409 1.281 0.996 0.92 0.993 0.93 1.402 1.229 0.701 0.61 1.07 1.403 1.267
1.605 1.151 1.294 1.409 1.281 0.996 0.92 0.993 0.93 1.402 1.229 0.701 0.61 1.07 1.403 0.355
1.283 1.151 1.294 1.409 1.281 0.996 0.92 0.993 0.93 1.402 1.229 0.701 0.61 1.07 1.403 0.99
0.983 1.151 1.294 1.409 1.281 0.996 0.92 0.993 0.93 1.402 1.229 0.701 0.61 1.07 1.403 1.208
0.899 1.151 1.294 1.409 1.281 0.996 0.92 0.993 0.93 1.402 1.229 0.701 0.61 1.07 1.403 0.73
1.687 1.151 1.294 1.409 1.281 0.996 0.92 0.993 0.93 1.402 1.229 0.701 0.61 1.07 1.403 1.175
1.442 1.151 1.294 1.409 1.281 0.996 0.92 0.993 0.93 1.402 1.229 0.701 0.61 1.07 1.403 0.656
1.164 1.151 1.294 1.409 1.281 0.996 0.92 0.993 0.93 1.402 1.229 0.701 0.61 1.07 1.403 1.009
1.255 1.151 1.294 1.409 1.281 0.996 0.92 0.993 0.93 1.402 1.229 0.701 0.61 1.07 1.403 1.403
0.953 1.151 1.294 1.409 1.281 0.996 0.92 0.993 0.93 1.402 1.229 0.701 0.61 1.07 1.403 1.092
0.707 1.151 1.294 1.409 1.281 0.996 0.92 0.993 0.93 1.402 1.229 0.701 0.61 1.07 1.403 1.272
1.079 1.151 1.294 1.409 1.281 0.996 0.92 0.993 0.93 1.402 1.229 0.701 0.61 1.07 1.403 1.468
1.041 1.151 1.294 1.409 1.281 0.996 0.92 0.993 0.93 1.402 1.229 0.701 0.61 1.07 1.403 0.975
1.362 1.151 1.294 1.409 1.281 0.996 0.92 0.993 0.93 1.402 1.229 0.701 0.61 1.07 1.403 1.398
0.756 1.151 1.294 1.409 1.281 0.996 0.92 0.993 0.93 1.402 1.229 0.701 0.61 1.07 1.403 1.322
0.808 1.151 1.294 1.409 1.281 0.996 0.92 0.993 0.93 1.402 1.229 0.701 0.61 1.07 1.403 0.835
0.563 1.151 1.294 1.409 1.281 0.996 0.92 0.993 0.93 1.402 1.229 0.701 0.61 1.07 1.403 1.033
1.622 1.151 1.294 1.409 1.281 0.996 0.92 0.993 0.93 1.402 1.229 0.701 0.61 1.07 1.403 1.34
0.674 1.151 1.294 1.409 1.281 0.996 0.92 0.993 0.93 1.402 1.229 0.701 0.61 1.07 1.403 0.546
0.725 1.151 1.294 1.409 1.281 0.996 0.92 0.993 0.93 1.402 1.229 0.701 0.61 1.07 1.403 0.836
0.92 1.151 1.294 1.409 1.281 0.996 0.92 0.993 0.93 1.402 1.229 0.701 0.61 1.07 1.403 1.551
0.836 1.151 1.294 1.409 1.281 0.996 0.92 0.993 0.93 1.402 1.229 0.701 0.61 1.07 1.403 1.495
1.069 1.151 1.294 1.409 1.281 0.996 0.92 0.993 0.93 1.402 1.229 0.701 0.61 1.07 1.403 0.92
1.586 1.151 1.294 1.409 1.281 0.996 0.92 0.993 0.93 1.402 1.229 0.701 0.61 1.07 1.403 1.079
1.05 1.151 1.294 1.409 1.281 0.996 0.92 0.993 0.93 1.402 1.229 0.701 0.61 1.07 1.403 1.265
1.121 1.151 1.294 1.409 1.281 0.996 0.92 0.993 0.93 1.402 1.229 0.701 0.61 1.07 1.403 1.388
1.317 1.151 1.294 1.409 1.281 0.996 0.92 0.993 0.93 1.402 1.229 0.701 0.61 1.07 1.403 0.969
0.807 1.151 1.294 1.409 1.281 0.996 0.92 0.993 0.93 1.402 1.229 0.701 0.61 1.07 1.403 0.827
0.516 1.151 1.294 1.409 1.281 0.996 0.92 0.993 0.93 1.402 1.229 0.701 0.61 1.07 1.403 1.039
1.673 1.151 1.294 1.409 1.281 0.996 0.92 0.993 0.93 1.402 1.229 0.701 0.61 1.07 1.403 1.336
0.672 1.151 1.294 1.409 1.281 0.996 0.92 0.993 0.93 1.402 1.229 0.701 0.61 1.07 1.403 1.488
0.855 1.151 1.294 1.409 1.281 0.996 0.92 0.993 0.93 1.402 1.229 0.701 0.61 1.07 1.403 1.275
1.039 1.151 1.294 1.409 1.281 0.996 0.92 0.993 0.93 1.402 1.229 0.701 0.61 1.07 1.403 0.918
1.025 1.151 1.294 1.409 1.281 0.996 0.92 0.993 0.93 1.402 1.229 0.701 0.61 1.07 1.403 0.905
1.263 1.151 1.294 1.409 1.281 0.996 0.92 0.993 0.93 1.402 1.229 0.701 0.61 1.07 1.403 1.432
0.843 1.151 1.294 1.409 1.281 0.996 0.92 0.993 0.93 1.402 1.229 0.701 0.61 1.07 1.403 0.686
1.189 1.151 1.294 1.409 1.281 0.996 0.92 0.993 0.93 1.402 1.229 0.701 0.61 1.07 1.403 0.826
0.921 1.151 1.294 1.409 1.281 0.996 0.92 0.993 0.93 1.402 1.229 0.701 0.61 1.07 1.403 1.022
1.281 1.151 1.294 1.409 1.281 0.996 0.92 0.993 0.93 1.402 1.229 0.701 0.61 1.07 1.403 1.404
0.971 1.151 1.294 1.409 1.281 0.996 0.92 0.993 0.93 1.402 1.229 0.701 0.61 1.07 1.403 0.566
1.676 1.151 1.294 1.409 1.281 0.996 0.92 0.993 0.93 1.402 1.229 0.701 0.61 1.07 1.403 1.296
0.559 1.151 1.294 1.409 1.281 0.996 0.92 0.993 0.93 1.402 1.229 0.701 0.61 1.07 1.403 1.513
1.271 1.151 1.294 1.409 1.281 0.996 0.92 0.993 0.93 1.402 1.229 0.701 0.61 1.07 1.403 1.408
0.837 1.151 1.294 1.409 1.281 0.996 0.92 0.993 0.93 1.402 1.229 0.701 0.61 1.07 1.403 1.234
0.882 1.151 1.294 1.409 1.281 0.996 0.92 0.993 0.93 1.402 1.229 0.701 0.61 1.07 1.403 0.911
1.15 1.151 1.294 1.409 1.281 0.996 0.92 0.993 0.93 1.402 1.229 0.701 0.61 1.07 1.403 1.379
0.429 1.151 1.294 1.409 1.281 0.996 0.92 0.993 0.93 1.402 1.229 0.701 0.61 1.07 1.403 0.466
0.884 1.151 1.294 1.409 1.281 0.996 0.92 0.993 0.93 1.402 1.229 0.701 0.61 1.07 1.403 0.347
1.039 1.151 1.294 1.409 1.281 0.996 0.92 0.993 0.93 1.402 1.229 0.701 0.61 1.07 1.403 0.825
0.968 1.151 1.294 1.409 1.281 0.996 0.92 0.993 0.93 1.402 1.229 0.701 0.61 1.07 1.403 0.648
1.532 1.151 1.294 1.409 1.281 0.996 0.92 0.993 0.93 1.402 1.229 0.701 0.61 1.07 1.403 0.853
0.621 1.151 1.294 1.409 1.281 0.996 0.92 0.993 0.93 1.402 1.229 0.701 0.61 1.07 1.403 0.973
0.939 1.151 1.294 1.409 1.281 0.996 0.92 0.993 0.93 1.402 1.229 0.701 0.61 1.07 1.403 0.572
1.21 1.151 1.294 1.409 1.281 0.996 0.92 0.993 0.93 1.402 1.229 0.701 0.61 1.07 1.403 1.115
1.151 1.151 1.294 1.409 1.281 0.996 0.92 0.993 0.93 1.402 1.229 0.701 0.61 1.07 1.403 1.35
1.118 1.151 1.294 1.409 1.281 0.996 0.92 0.993 0.93 1.402 1.229 0.701 0.61 1.07 1.403 1.355
1.754 1.151 1.294 1.409 1.281 0.996 0.92 0.993 0.93 1.402 1.229 0.701 0.61 1.07 1.403 1.09
0.863 1.151 1.294 1.409 1.281 0.996 0.92 0.993 0.93 1.402 1.229 0.701 0.61 1.07 1.403 0.764
0.981 1.151 1.294 1.409 1.281 0.996 0.92 0.993 0.93 1.402 1.229 0.701 0.61 1.07 1.403 1.494
1.026 1.151 1.294 1.409 1.281 0.996 0.92 0.993 0.93 1.402 1.229 0.701 0.61 1.07 1.403 0.841
0.982 1.151 1.294 1.409 1.281 0.996 0.92 0.993 0.93 1.402 1.229 0.701 0.61 1.07 1.403 1.616
1.665 1.151 1.294 1.409 1.281 0.996 0.92 0.993 0.93 1.402 1.229 0.701 0.61 1.07 1.403 1.146
0.996 1.151 1.294 1.409 1.281 0.996 0.92 0.993 0.93 1.402 1.229 0.701 0.61 1.07 1.403 1.338
0.762 1.151 1.294 1.409 1.281 0.996 0.92 0.993 0.93 1.402 1.229 0.701 0.61 1.07 1.403 1.371
0.796 1.151 1.294 1.409 1.281 0.996 0.92 0.993 0.93 1.402 1.229 0.701 0.61 1.07 1.403 0.757
1.605 1.151 1.294 1.409 1.281 0.996 0.92 0.993 0.93 1.402 1.229 0.701 0.61 1.07 1.403 1.286
0.886 1.151 1.294 1.409 1.281 0.996 0.92 0.993 0.93 1.402 1.229 0.701 0.61 1.07 1.403 1.495
1.229 1.151 1.294 1.409 1.281 0.996 0.92 0.993 0.93 1.402 1.229 0.701 0.61 1.07 1.403 0.877
0.684 1.151 1.294 1.409 1.281 0.996 0.92 0.993 0.93 1.402 1.229 0.701 0.61 1.07 1.403 0.795
0.933 1.151 1.294 1.409 1.281 0.996 0.92 0.993 0.93 1.402 1.229 0.701 0.61 1.07 1.403 1.729
1.187 1.151 1.294 1.409 1.281 0.996 0.92 0.993 0.93 1.402 1.229 0.701 0.61 1.07 1.403 1.427
0.939 1.151 1.294 1.409 1.281 0.996 0.92 0.993 0.93 1.402 1.229 0.701 0.61 1.07 1.403 1.545
0.828 1.151 1.294 1.409 1.281 0.996 0.92 0.993 0.93 1.402 1.229 0.701 0.61 1.07 1.403 0.999
0.829 1.151 1.294 1.409 1.281 0.996 0.92 0.993 0.93 1.402 1.229 0.701 0.61 1.07 1.403 1.065
1.115 1.151 1.294 1.409 1.281 0.996 0.92 0.993 0.93 1.402 1.229 0.701 0.61 1.07 1.403 1.56
0.943 1.151 1.294 1.409 1.281 0.996 0.92 0.993 0.93 1.402 1.229 0.701 0.61 1.07 1.403 0.772
0.944 1.151 1.294 1.409 1.281 0.996 0.92 0.993 0.93 1.402 1.229 0.701 0.61 1.07 1.403 1.071
0.43 1.151 1.294 1.409 1.281 0.996 0.92 0.993 0.93 1.402 1.229 0.701 0.61 1.07 1.403 0.952
1.032 1.151 1.294 1.409 1.281 0.996 0.92 0.993 0.93 1.402 1.229 0.701 0.61 1.07 1.403 1.139
0.73 1.151 1.294 1.409 1.281 0.996 0.92 0.993 0.93 1.402 1.229 0.701 0.61 1.07 1.403 1.257
1.31 1.151 1.294 1.409 1.281 0.996 0.92 0.993 0.93 1.402 1.229 0.701 0.61 1.07 1.403 1.398
1.019 1.151 1.294 1.409 1.281 0.996 0.92 0.993 0.93 1.402 1.229 0.701 0.61 1.07 1.403 1.229
1.056 1.151 1.294 1.409 1.281 0.996 0.92 0.993 0.93 1.402 1.229 0.701 0.61 1.07 1.403 1.261
1.285 1.151 1.294 1.409 1.281 0.996 0.92 0.993 0.93 1.402 1.229 0.701 0.61 1.07 1.403 0.685
0.892 1.151 1.294 1.409 1.281 0.996 0.92 0.993 0.93 1.402 1.229 0.701 0.61 1.07 1.403 0.715
1.681 1.151 1.294 1.409 1.281 0.996 0.92 0.993 0.93 1.402 1.229 0.701 0.61 1.07 1.403 1.206
0.704 1.151 1.294 1.409 1.281 0.996 0.92 0.993 0.93 1.402 1.229 0.701 0.61 1.07 1.403 1.13
0.817 1.151 1.294 1.409 1.281 0.996 0.92 0.993 0.93 1.402 1.229 0.701 0.61 1.07 1.403 0.745
0.89 1.151 1.294 1.409 1.281 0.996 0.92 0.993 0.93 1.402 1.229 0.701 0.61 1.07 1.403 0.908
1.247 1.151 1.294 1.409 1.281 0.996 0.92 0.993 0.93 1.402 1.229 0.701 0.61 1.07 1.403 1.104
1.092 1.151 1.294 1.409 1.281 0.996 0.92 0.993 0.93 1.402 1.229 0.701 0.61 1.07 1.403 0.867
1.523 1.151 1.294 1.409 1.281 0.996 0.92 0.993 0.93 1.402 1.229 0.701 0.61 1.07 1.403 1.43
1.651 1.151 1.294 1.409 1.281 0.996 0.92 0.993 0.93 1.402 1.229 0.701 0.61 1.07 1.403 1.118
1.179 1.151 1.294 1.409 1.281 0.996 0.92 0.993 0.93 1.402 1.229 0.701 0.61 1.07 1.403 1.143
1.569 1.151 1.294 1.409 1.281 0.996 0.92 0.993 0.93 1.402 1.229 0.701 0.61 1.07 1.403 1.483
0.682 1.151 1.294 1.409 1.281 0.996 0.92 0.993 0.93 1.402 1.229 0.701 0.61 1.07 1.403 1.06
1.028 1.151 1.294 1.409 1.281 0.996 0.92 0.993 0.93 1.402 1.229 0.701 0.61 1.07 1.403 1.332
1.061 1.151 1.294 1.409 1.281 0.996 0.92 0.993 0.93 1.402 1.229 0.701 0.61 1.07 1.403 1.336
0.726 1.151 1.294 1.409 1.281 0.996 0.92 0.993 0.93 1.402 1.229 0.701 0.61 1.07 1.403 0.267
0.656 1.151 1.294 1.409 1.281 0.996 0.92 0.993 0.93 1.402 1.229 0.701 0.61 1.07 1.403 0.785
1.12 1.151 1.294 1.409 1.281 0.996 0.92 0.993 0.93 1.402 1.229 0.701 0.61 1.07 1.403 1.393
0.729 1.151 1.294 1.409 1.281 0.996 0.92 0.993 0.93 1.402 1.229 0.701 0.61 1.07 1.403 0.828
1.614 1.151 1.294 1.409 1.281 0.996 0.92 0.993 0.93 1.402 1.229 0.701 0.61 1.07 1.403 1.21
1.261 1.151 1.294 1.409 1.281 0.996 0.92 0.993 0.93 1.402 1.229 0.701 0.61 1.07 1.403 1.513
1.476 1.151 1.294 1.409 1.281 0.996 0.92 0.993 0.93 1.402 1.229 0.701 0.61 1.07 1.403 1.406
0.668 1.151 1.294 1.409 1.281 0.996 0.92 0.993 0.93 1.402 1.229 0.701 0.61 1.07 1.403 1.192
0.608 1.151 1.294 1.409 1.281 0.996 0.92 0.993 0.93 1.402 1.229 0.701 0.61 1.07 1.403 1.243
1.542 1.151 1.294 1.409 1.281 0.996 0.92 0.993 0.93 1.402 1.229 0.701 0.61 1.07 1.403 1.266
1.091 1.151 1.294 1.409 1.281 0.996 0.92 0.993 0.93 1.402 1.229 0.701 0.61 1.07 1.403 1.072
1.58 1.151 1.294 1.409 1.281 0.996 0.92 0.993 0.93 1.402 1.229 0.701 0.61 1.07 1.403 1.132
1.131 1.151 1.294 1.409 1.281 0.996 0.92 0.993 0.93 1.402 1.229 0.701 0.61 1.07 1.403 1.543
0.984 1.151 1.294 1.409 1.281 0.996 0.92 0.993 0.93 1.402 1.229 0.701 0.61 1.07 1.403 0.99
0.732 1.151 1.294 1.409 1.281 0.996 0.92 0.993 0.93 1.402 1.229 0.701 0.61 1.07 1.403 0.842
0.765 1.151 1.294 1.409 1.281 0.996 0.92 0.993 0.93 1.402 1.229 0.701 0.61 1.07 1.403 0.929
1.71 1.151 1.294 1.409 1.281 0.996 0.92 0.993 0.93 1.402 1.229 0.701 0.61 1.07 1.403 1.655
0.916 1.151 1.294 1.409 1.281 0.996 0.92 0.993 0.93 1.402 1.229 0.701 0.61 1.07 1.403 0.521
1.059 1.151 1.294 1.409 1.281 0.996 0.92 0.993 0.93 1.402 1.229 0.701 0.61 1.07 1.403 1.255
0.87 1.151 1.294 1.409 1.281 0.996 0.92 0.993 0.93 1.402 1.229 0.701 0.61 1.07 1.403 0.854
1.262 1.151 1.294 1.409 1.281 0.996 0.92 0.993 0.93 1.402 1.229 0.701 0.61 1.07 1.403 1.224
1.146 1.151 1.294 1.409 1.281 0.996 0.92 0.993 0.93 1.402 1.229 0.701 0.61 1.07 1.403 1.167
1.302 1.151 1.294 1.409 1.281 0.996 0.92 0.993 0.93 1.402 1.229 0.701 0.61 1.07 1.403 1.521
0.415 1.151 1.294 1.409 1.281 0.996 0.92 0.993 0.93 1.402 1.229 0.701 0.61 1.07 1.403 0.696
0.998 1.151 1.294 1.409 1.281 0.996 0.92 0.993 0.93 1.402 1.229 0.701 0.61 1.07 1.403 1.095
1.125 1.151 1.294 1.409 1.281 0.996 0.92 0.993 0.93 1.402 1.229 0.701 0.61 1.07 1.403 0.887
1.334 1.151 1.294 1.409 1.281 0.996 0.92 0.993 0.93 1.402 1.229 0.701 0.61 1.07 1.403 1.51
1.646 1.151 1.294 1.409 1.281 0.996 0.92 0.993 0.93 1.402 1.229 0.701 0.61 1.07 1.403 0.378
1.057 1.151 1.294 1.409 1.281 0.996 0.92 0.993 0.93 1.402 1.229 0.701 0.61 1.07 1.403 1.407
1.017 1.151 1.294 1.409 1.281 0.996 0.92 0.993 0.93 1.402 1.229 0.701 0.61 1.07 1.403 0.74
1.205 1.151 1.294 1.409 1.281 0.996 0.92 0.993 0.93 1.402 1.229 0.701 0.61 1.07 1.403 0.663
1.02 1.151 1.294 1.409 1.281 0.996 0.92 0.993 0.93 1.402 1.229 0.701 0.61 1.07 1.403 0.718
1.581 1.151 1.294 1.409 1.281 0.996 0.92 0.993 0.93 1.402 1.229 0.701 0.61 1.07 1.403 1.397
1.032 1.151 1.294 1.409 1.281 0.996 0.92 0.993 0.93 1.402 1.229 0.701 0.61 1.07 1.403 1.124
0.779 1.151 1.294 1.409 1.281 0.996 0.92 0.993 0.93 1.402 1.229 0.701 0.61 1.07 1.403 0.852
1.25 1.151 1.294 1.409 1.281 0.996 0.92 0.993 0.93 1.402 1.229 0.701 0.61 1.07 1.403 1.137
0.617 1.151 1.294 1.409 1.281 0.996 0.92 0.993 0.93 1.402 1.229 0.701 0.61 1.07 1.403 1.411
1.554 1.151 1.294 1.409 1.281 0.996 0.92 0.993 0.93 1.402 1.229 0.701 0.61 1.07 1.403 1.444
1.228 1.151 1.294 1.409 1.281 0.996 0.92 0.993 0.93 1.402 1.229 0.701 0.61 1.07 1.403 1.551
0.58 1.151 1.294 1.409 1.281 0.996 0.92 0.993 0.93 1.402 1.229 0.701 0.61 1.07 1.403 1.294
1.026 1.151 1.294 1.409 1.281 0.996 0.92 0.993 0.93 1.402 1.229 0.701 0.61 1.07 1.403 1.32
1.023 1.151 1.294 1.409 1.281 0.996 0.92 0.993 0.93 1.402 1.229 0.701 0.61 1.07 1.403 1.185
1.611 1.151 1.294 1.409 1.281 0.996 0.92 0.993 0.93 1.402 1.229 0.701 0.61 1.07 1.403 1.189
1.05 1.151 1.294 1.409 1.281 0.996 0.92 0.993 0.93 1.402 1.229 0.701 0.61 1.07 1.403 1.153
0.68 1.151 1.294 1.409 1.281 0.996 0.92 0.993 0.93 1.402 1.229 0.701 0.61 1.07 1.403 1
0.877 1.151 1.294 1.409 1.281 0.996 0.92 0.993 0.93 1.402 1.229 0.701 0.61 1.07 1.403 0.894
1.698 1.151 1.294 1.409 1.281 0.996 0.92 0.993 0.93 1.402 1.229 0.701 0.61 1.07 1.403 0.668
1.209 1.151 1.294 1.409 1.281 0.996 0.92 0.993 0.93 1.402 1.229 0.701 0.61 1.07 1.403 0.317
0.948 1.151 1.294 1.409 1.281 0.996 0.92 0.993 0.93 1.402 1.229 0.701 0.61 1.07 1.403 1.23
1.192 1.151 1.294 1.409 1.281 0.996 0.92 0.993 0.93 1.402 1.229 0.701 0.61 1.07 1.403 1.452
0.963 1.151 1.294 1.409 1.281 0.996 0.92 0.993 0.93 1.402 1.229 0.701 0.61 1.07 1.403 1.195
1.576 1.151 1.294 1.409 1.281 0.996 0.92 0.993 0.93 1.402 1.229 0.701 0.61 1.07 1.403 1.343
1.072 1.151 1.294 1.409 1.281 0.996 0.92 0.993 0.93 1.402 1.229 0.701 0.61 1.07 1.403 1.187
1.257 1.151 1.294 1.409 1.281 0.996 0.92 0.993 0.93 1.402 1.229 0.701 0.61 1.07 1.403 0.717
1.536 1.151 1.294 1.409 1.281 0.996 0.92 0.993 0.93 1.402 1.229 0.701 0.61 1.07 1.403 1.323
1.199 1.151 1.294 1.409 1.281 0.996 0.92 0.993 0.93 1.402 1.229 0.701 0.61 1.07 1.403 0.6
0.733 1.151 1.294 1.409 1.281 0.996 0.92 0.993 0.93 1.402 1.229 0.701 0.61 1.07 1.403 1.331
1.889 1.151 1.294 1.409 1.281 0.996 0.92 0.993 0.93 1.402 1.229 0.701 0.61 1.07 1.403 1.699
0.989 1.151 1.294 1.409 1.281 0.996 0.92 0.993 0.93 1.402 1.229 0.701 0.61 1.07 1.403 1.221
1.008 1.151 1.294 1.409 1.281 0.996 0.92 0.993 0.93 1.402 1.229 0.701 0.61 1.07 1.403 1.513
1.038 1.151 1.294 1.409 1.281 0.996 0.92 0.993 0.93 1.402 1.229 0.701 0.61 1.07 1.403 1.605
1.126 1.151 1.294 1.409 1.281 0.996 0.92 0.993 0.93 1.402 1.229 0.701 0.61 1.07 1.403 0.991
0.894 1.151 1.294 1.409 1.281 0.996 0.92 0.993 0.93 1.402 1.229 0.701 0.61 1.07 1.403 0.708
0.624 1.151 1.294 1.409 1.281 0.996 0.92 0.993 0.93 1.402 1.229 0.701 0.61 1.07 1.403 0.97
1.125 1.151 1.294 1.409 1.281 0.996 0.92 0.993 0.93 1.402 1.229 0.701 0.61 1.07 1.403 0.571
1.073 1.151 1.294 1.409 1.281 0.996 0.92 0.993 0.93 1.402 1.229 0.701 0.61 1.07 1.403 1.065
0.823 1.151 1.294 1.409 1.281 0.996 0.92 0.993 0.93 1.402 1.229 0.701 0.61 1.07 1.403 1.276
1.139 1.151 1.294 1.409 1.281 0.996 0.92 0.993 0.93 1.402 1.229 0.701 0.61 1.07 1.403 1.448
0.921 1.151 1.294 1.409 1.281 0.996 0.92 0.993 0.93 1.402 1.229 0.701 0.61 1.07 1.403 1.089
1.418 1.151 1.294 1.409 1.281 0.996 0.92 0.993 0.93 1.402 1.229 0.701 0.61 1.07 1.403 1.092
0.589 1.151 1.294 1.409 1.281 0.996 0.92 0.993 0.93 1.402 1.229 0.701 0.61 1.07 1.403 1.05
1.14 1.151 1.294 1.409 1.281 0.996 0.92 0.993 0.93 1.402 1.229 0.701 0.61 1.07 1.403 1.173
1.296 1.151 1.294 1.409 1.281 0.996 0.92 0.993 0.93 1.402 1.229 0.701 0.61 1.07 1.403 0.836
1.218 1.151 1.294 1.409 1.281 0.996 0.92 0.993 0.93 1.402 1.229 0.701 0.61 1.07 1.403 0.961
1.233 1.151 1.294 1.409 1.281 0.996 0.92 0.993 0.93 1.402 1.229 0.701 0.61 1.07 1.403 1.322
1.423 1.151 1.294 1.409 1.281 0.996 0.92 0.993 0.93 1.402 1.229 0.701 0.61 1.07 1.403 0.778
1.33 1.151 1.294 1.409 1.281 0.996 0.92 0.993 0.93 1.402 1.229 0.701 0.61 1.07 1.403 1.237
1.362 1.151 1.294 1.409 1.281 0.996 0.92 0.993 0.93 1.402 1.229 0.701 0.61 1.07 1.403 1.722
1.094 1.151 1.294 1.409 1.281 0.996 0.92 0.993 0.93 1.402 1.229 0.701 0.61 1.07 1.403 0.715
0.85 1.151 1.294 1.409 1.281 0.996 0.92 0.993 0.93 1.402 1.229 0.701 0.61 1.07 1.403 0.974
1.042 1.151 1.294 1.409 1.281 0.996 0.92 0.993 0.93 1.402 1.229 0.701 0.61 1.07 1.403 0.739
1.205 1.151 1.294 1.409 1.281 0.996 0.92 0.993 0.93 1.402 1.229 0.701 0.61 1.07 1.403 1.436
0.748 1.151 1.294 1.409 1.281 0.996 0.92 0.993 0.93 1.402 1.229 0.701 0.61 1.07 1.403 1.603
1.607 1.151 1.294 1.409 1.281 0.996 0.92 0.993 0.93 1.402 1.229 0.701 0.61 1.07 1.403 1.4
1.466 1.151 1.294 1.409 1.281 0.996 0.92 0.993 0.93 1.402 1.229 0.701 0.61 1.07 1.403 1.495
0.991 1.151 1.294 1.409 1.281 0.996 0.92 0.993 0.93 1.402 1.229 0.701 0.61 1.07 1.403 0.968
1.325 1.151 1.294 1.409 1.281 0.996 0.92 0.993 0.93 1.402 1.229 0.701 0.61 1.07 1.403 1.462
1.075 1.151 1.294 1.409 1.281 0.996 0.92 0.993 0.93 1.402 1.229 0.701 0.61 1.07 1.403 1.014
1.55 1.151 1.294 1.409 1.281 0.996 0.92 0.993 0.93 1.402 1.229 0.701 0.61 1.07 1.403 1.286
1.096 1.151 1.294 1.409 1.281 0.996 0.92 0.993 0.93 1.402 1.229 0.701 0.61 1.07 1.403 0.666
1.489 1.151 1.294 1.409 1.281 0.996 0.92 0.993 0.93 1.402 1.229 0.701 0.61 1.07 1.403 1.426
1.597 1.151 1.294 1.409 1.281 0.996 0.92 0.993 0.93 1.402 1.229 0.701 0.61 1.07 1.403 1.077
0.819 1.151 1.294 1.409 1.281 0.996 0.92 0.993 0.93 1.402 1.229 0.701 0.61 1.07 1.403 1.13
1.358 1.151 1.294 1.409 1.281 0.996 0.92 0.993 0.93 1.402 1.229 0.701 0.61 1.07 1.403 0.882
0.493 1.151 1.294 1.409 1.281 0.996 0.92 0.993 0.93 1.402 1.229 0.701 0.61 1.07 1.403 0.801
1.068 1.151 1.294 1.409 1.281 0.996 0.92 0.993 0.93 1.402 1.229 0.701 0.61 1.07 1.403 1.458
0.723 1.151 1.294 1.409 1.281 0.996 0.92 0.993 0.93 1.402 1.229 0.701 0.61 1.07 1.403 0.94
1.361 1.151 1.294 1.409 1.281 0.996 0.92 0.993 0.93 1.402 1.229 0.701 0.61 1.07 1.403 1.195
1.394 1.151 1.294 1.409 1.281 0.996 0.92 0.993 0.93 1.402 1.229 0.701 0.61 1.07 1.403 1.438
1.606 1.151 1.294 1.409 1.281 0.996 0.92 0.993 0.93 1.402 1.229 0.701 0.61 1.07 1.403 0.77
1.323 1.151 1.294 1.409 1.281 0.996 0.92 0.993 0.93 1.402 1.229 0.701 0.61 1.07 1.403 1.217
0.605 1.151 1.294 1.409 1.281 0.996 0.92 0.993 0.93 1.402 1.229 0.701 0.61 1.07 1.403 0.925
1.492 1.151 1.294 1.409 1.281 0.996 0.92 0.993 0.93 1.402 1.229 0.701 0.61 1.07 1.403 1.391
1.22 1.151 1.294 1.409 1.281 0.996 0.92 0.993 0.93 1.402 1.229 0.701 0.61 1.07 1.403 1.492
1.619 1.151 1.294 1.409 1.281 0.996 0.92 0.993 0.93 1.402 1.229 0.701 0.61 1.07 1.403 1.548
1.113 1.151 1.294 1.409 1.281 0.996 0.92 0.993 0.93 1.402 1.229 0.701 0.61 1.07 1.403 1.294
1.095 1.151 1.294 1.409 1.281 0.996 0.92 0.993 0.93 1.402 1.229 0.701 0.61 1.07 1.403 1.364
1.697 1.151 1.294 1.409 1.281 0.996 0.92 0.993 0.93 1.402 1.229 0.701 0.61 1.07 1.403 1.509
1.138 1.151 1.294 1.409 1.281 0.996 0.92 0.993 0.93 1.402 1.229 0.701 0.61 1.07 1.403 0.985
1.144 1.151 1.294 1.409 1.281 0.996 0.92 0.993 0.93 1.402 1.229 0.701 0.61 1.07 1.403 0.961
1.41 1.151 1.294 1.409 1.281 0.996 0.92 0.993 0.93 1.402 1.229 0.701 0.61 1.07 1.403 1.43
1.07 1.151 1.294 1.409 1.281 0.996 0.92 0.993 0.93 1.402 1.229 0.701 0.61 1.07 1.403 0.751
1.234 1.151 1.294 1.409 1.281 0.996 0.92 0.993 0.93 1.402 1.229 0.701 0.61 1.07 1.403 1.118
1.036 1.151 1.294 1.409 1.281 0.996 0.92 0.993 0.93 1.402 1.229 0.701 0.61 1.07 1.403 0.667
0.726 1.151 1.294 1.409 1.281 0.996 0.92 0.993 0.93 1.402 1.229 0.701 0.61 1.07 1.403 1.518
0.464 1.151 1.294 1.409 1.281 0.996 0.92 0.993 0.93 1.402 1.229 0.701 0.61 1.07 1.403 1.252
1.119 1.151 1.294 1.409 1.281 0.996 0.92 0.993 0.93 1.402 1.229 0.701 0.61 1.07 1.403 1.495
0.855 1.151 1.294 1.409 1.281 0.996 0.92 0.993 0.93 1.402 1.229 0.701 0.61 1.07 1.403 0.972
1.154 1.151 1.294 1.409 1.281 0.996 0.92 0.993 0.93 1.402 1.229 0.701 0.61 1.07 1.403 0.945
1.543 1.151 1.294 1.409 1.281 0.996 0.92 0.993 0.93 1.402 1.229 0.701 0.61 1.07 1.403 1.351
1.117 1.151 1.294 1.409 1.281 0.996 0.92 0.993 0.93 1.402 1.229 0.701 0.61 1.07 1.403 0.782
0.963 1.151 1.294 1.409 1.281 0.996 0.92 0.993 0.93 1.402 1.229 0.701 0.61 1.07 1.403 1.466
1.052 1.151 1.294 1.409 1.281 0.996 0.92 0.993 0.93 1.402 1.229 0.701 0.61 1.07 1.403 0.967
0.799 1.151 1.294 1.409 1.281 0.996 0.92 0.993 0.93 1.402 1.229 0.701 0.61 1.07 1.403 1.054
0.984 1.151 1.294 1.409 1.281 0.996 0.92 0.993 0.93 1.402 1.229 0.701 0.61 1.07 1.403 0.877
1.203 1.151 1.294 1.409 1.281 0.996 0.92 0.993 0.93 1.402 1.229 0.701 0.61 1.07 1.403 1.267
0.966 1.151 1.294 1.409 1.281 0.996 0.92 0.993 0.93 1.402 1.229 0.701 0.61 1.07 1.403 0.827
0.858 1.151 1.294 1.409 1.281 0.996 0.92 0.993 0.93 1.402 1.229 0.701 0.61 1.07 1.403 1.41
0.891 1.151 1.294 1.409 1.281 0.996 0.92 0.993 0.93 1.402 1.229 0.701 0.61 1.07 1.403 1.391
0.762 1.151 1.294 1.409 1.281 0.996 0.92 0.993 0.93 1.402 1.229 0.701 0.61 1.07 1.403 0.896
0.769 1.151 1.294 1.409 1.281 0.996 0.92 0.993 0.93 1.402 1.229 0.701 0.61 1.07 1.403 1.498
0.854 1.151 1.294 1.409 1.281 0.996 0.92 0.993 0.93 1.402 1.229 0.701 0.61 1.07 1.403 0.47
1.101 1.151 1.294 1.409 1.281 0.996 0.92 0.993 0.93 1.402 1.229 0.701 0.61 1.07 1.403 0.385
0.684 1.151 1.294 1.409 1.281 0.996 0.92 0.993 0.93 1.402 1.229 0.701 0.61 1.07 1.403 0.742
1.365 1.151 1.294 1.409 1.281 0.996 0.92 0.993 0.93 1.402 1.229 0.701 0.61 1.07 1.403 1.226
1.146 1.151 1.294 1.409 1.281 0.996 0.92 0.993 0.93 1.402 1.229 0.701 0.61 1.07 1.403 1.209
1.505 1.151 1.294 1.409 1.281 0.996 0.92 0.993 0.93 1.402 1.229 0.701 0.61 1.07 1.403 0.773
0.46 1.151 1.294 1.409 1.281 0.996 0.92 0.993 0.93 1.402 1.229 0.701 0.61 1.07 1.403 1.404
1.1 1.151 1.294 1.409 1.281 0.996 0.92 0.993 0.93 1.402 1.229 0.701 0.61 1.07 1.403 1.298
0.66 1.151 1.294 1.409 1.281 0.996 0.92 0.993 0.93 1.402 1.229 0.701 0.61 1.07 1.403 1.226
1.146 1.151 1.294 1.409 1.281 0.996 0.92 0.993 0.93 1.402 1.229 0.701 0.61 1.07 1.403 0.827
1.455 1.151 1.294 1.409 1.281 0.996 0.92 0.993 0.93 1.402 1.229 0.701 0.61 1.07 1.403 1.094
1.546 1.151 1.294 1.409 1.281 0.996 0.92 0.993 0.93 1.402 1.229 0.701 0.61 1.07 1.403 0.802
0.88 1.151 1.294 1.409 1.281 0.996 0.92 0.993 0.93 1.402 1.229 0.701 0.61 1.07 1.403 1.201
1.23 1.151 1.294 1.409 1.281 0.996 0.92 0.993 0.93 1.402 1.229 0.701 0.61 1.07 1.403 1.042
0.914 1.151 1.294 1.409 1.281 0.996 0.92 0.993 0.93 1.402 1.229 0.701 0.61 1.07 1.403 0.445
1.364 1.151 1.294 1.409 1.281 0.996 0.92 0.993 0.93 1.402 1.229 0.701 0.61 1.07 1.403 0.706
1.307 1.151 1.294 1.409 1.281 0.996 0.92 0.993 0.93 1.402 1.229 0.701 0.61 1.07 1.403 0.748
1.009 1.151 1.294 1.409 1.281 0.996 0.92 0.993 0.93 1.402 1.229 0.701 0.61 1.07 1.403 0.937
0.471 1.151 1.294 1.409 1.281 0.996 0.92 0.993 0.93 1.402 1.229 0.701 0.61 1.07 1.403 0.514
0.583 1.151 1.294 1.409 1.281 0.996 0.92 0.993 0.93 1.402 1.229 0.701 0.61 1.07 1.403 0.742
0.702 1.151 1.294 1.409 1.281 0.996 0.92 0.993 0.93 1.402 1.229 0.701 0.61 1.07 1.403 0.85
0.401 1.151 1.294 1.409 1.281 0.996 0.92 0.993 0.93 1.402 1.229 0.701 0.61 1.07 1.403 1.425
1.231 1.151 1.294 1.409 1.281 0.996 0.92 0.993 0.93 1.402 1.229 0.701 0.61 1.07 1.403 0.7
1.186 1.151 1.294 1.409 1.281 0.996 0.92 0.993 0.93 1.402 1.229 0.701 0.61 1.07 1.403 1.334
1.178 1.151 1.294 1.409 1.281 0.996 0.92 0.993 0.93 1.402 1.229 0.701 0.61 1.07 1.403 1.353
1.121 1.151 1.294 1.409 1.281 0.996 0.92 0.993 0.93 1.402 1.229 0.701 0.61 1.07 1.403 0.869
0.602 1.151 1.294 1.409 1.281 0.996 0.92 0.993 0.93 1.402 1.229 0.701 0.61 1.07 1.403 1.098
1.178 1.151 1.294 1.409 1.281 0.996 0.92 0.993 0.93 1.402 1.229 0.701 0.61 1.07 1.403 1.123
1.513 1.151 1.294 1.409 1.281 0.996 0.92 0.993 0.93 1.402 1.229 0.701 0.61 1.07 1.403 0.999
0.532 1.151 1.294 1.409 1.281 0.996 0.92 0.993 0.93 1.402 1.229 0.701 0.61 1.07 1.403 0.561
1.353 1.151 1.294 1.409 1.281 0.996 0.92 0.993 0.93 1.402 1.229 0.701 0.61 1.07 1.403 1.373
0.374 1.151 1.294 1.409 1.281 0.996 0.92 0.993 0.93 1.402 1.229 0.701 0.61 1.07 1.403 1.243
1.258 1.151 1.294 1.409 1.281 0.996 0.92 0.993 0.93 1.402 1.229 0.701 0.61 1.07 1.403 1.376
1.403 1.151 1.294 1.409 1.281 0.996 0.92 0.993 0.93 1.402 1.229 0.701 0.61 1.07 1.403 1.438
0.987 1.151 1.294 1.409 1.281 0.996 0.92 0.993 0.93 1.402 1.229 0.701 0.61 1.07 1.403 1.114
1.374 1.151 1.294 1.409 1.281 0.996 0.92 0.993 0.93 1.402 1.229 0.701 0.61 1.07 1.403 1.106
0.842 1.151 1.294 1.409 1.281 0.996 0.92 0.993 0.93 1.402 1.229 0.701 0.61 1.07 1.403 0.535
0.732 1.151 1.294 1.409 1.281 0.996 0.92 0.993 0.93 1.402 1.229 0.701 0.61 1.07 1.403 1.344
0.986 1.151 1.294 1.409 1.281 0.996 0.92 0.993 0.93 1.402 1.229 0.701 0.61 1.07 1.403 0.475
1.027 1.151 1.294 1.409 1.281 0.996 0.92 0.993 0.93 1.402 1.229 0.701 0.61 1.07 1.403 0.738
0.407 1.151 1.294 1.409 1.281 0.996 0.92 0.993 0.93 1.402 1.229 0.701 0.61 1.07 1.403 1.551
1.372 1.151 1.294 1.409 1.281 0.996 0.92 0.993 0.93 1.402 1.229 0.701 0.61 1.07 1.403 1.395
0.47 1.151 1.294 1.409 1.281 0.996 0.92 0.993 0.93 1.402 1.229 0.701 0.61 1.07 1.403 0.306
0.944 1.151 1.294 1.409 1.281 0.996 0.92 0.993 0.93 1.402 1.229 0.701 0.61 1.07 1.403 0.847
0.843 1.151 1.294 1.409 1.281 0.996 0.92 0.993 0.93 1.402 1.229 0.701 0.61 1.07 1.403 1.128
1.308 1.151 1.294 1.409 1.281 0.996 0.92 0.993 0.93 1.402 1.229 0.701 0.61 1.07 1.403 0.609
0.77 1.151 1.294 1.409 1.281 0.996 0.92 0.993 0.93 1.402 1.229 0.701 0.61 1.07 1.403 1.039
1.007 1.151 1.294 1.409 1.281 0.996 0.92 0.993 0.93 1.402 1.229 0.701 0.61 1.07 1.403 1.047
1.207 1.151 1.294 1.409 1.281 0.996 0.92 0.993 0.93 1.402 1.229 0.701 0.61 1.07 1.403 1.105
1.101 1.151 1.294 1.409 1.281 0.996 0.92 0.993 0.93 1.402 1.229 0.701 0.61 1.07 1.403 1.134
1.082 1.151 1.294 1.409 1.281 0.996 0.92 0.993 0.93 1.402 1.229 0.701 0.61 1.07 1.403 0.746
1.044 1.151 1.294 1.409 1.281 0.996 0.92 0.993 0.93 1.402 1.229 0.701 0.61 1.07 1.403 0.652
1.177 1.151 1.294 1.409 1.281 0.996 0.92 0.993 0.93 1.402 1.229 0.701 0.61 1.07 1.403 1.1
1.318 1.151 1.294 1.409 1.281 0.996 0.92 0.993 0.93 1.402 1.229 0.701 0.61 1.07 1.403 0.936
0.512 1.151 1.294 1.409 1.281 0.996 0.92 0.993 0.93 1.402 1.229 0.701 0.61 1.07 1.403 0.745
1.691 1.151 1.294 1.409 1.281 0.996 0.92 0.993 0.93 1.402 1.229 0.701 0.61 1.07 1.403 1.313
1.387 1.151 1.294 1.409 1.281 0.996 0.92 0.993 0.93 1.402 1.229 0.701 0.61 1.07 1.403 0.491
0.517 1.151 1.294 1.409 1.281 0.996 0.92 0.993 0.93 1.402 1.229 0.701 0.61 1.07 1.403 0.693
1.265 1.151 1.294 1.409 1.281 0.996 0.92 0.993 0.93 1.402 1.229 0.701 0.61 1.07 1.403 0.779
0.581 1.151 1.294 1.409 1.281 0.996 0.92 0.993 0.93 1.402 1.229 0.701 0.61 1.07 1.403 0.747
0.84 1.151 1.294 1.409 1.281 0.996 0.92 0.993 0.93 1.402 1.229 0.701 0.61 1.07 1.403 0.913
0.851 1.151 1.294 1.409 1.281 0.996 0.92 0.993 0.93 1.402 1.229 0.701 0.61 1.07 1.403 1.38
1.32 1.151 1.294 1.409 1.281 0.996 0.92 0.993 0.93 1.402 1.229 0.701 0.61 1.07 1.403 1.188
1.654 1.151 1.294 1.409 1.281 0.996 0.92 0.993 0.93 1.402 1.229 0.701 0.61 1.07 1.403 1.583
0.725 1.151 1.294 1.409 1.281 0.996 0.92 0.993 0.93 1.402 1.229 0.701 0.61 1.07 1.403 0.693
1.67 1.151 1.294 1.409 1.281 0.996 0.92 0.993 0.93 1.402 1.229 0.701 0.61 1.07 1.403 0.743
1.137 1.151 1.294 1.409 1.281 0.996 0.92 0.993 0.93 1.402 1.229 0.701 0.61 1.07 1.403 0.86
1.016 1.151 1.294 1.409 1.281 0.996 0.92 0.993 0.93 1.402 1.229 0.701 0.61 1.07 1.403 0.923
0.918 1.151 1.294 1.409 1.281 0.996 0.92 0.993 0.93 1.402 1.229 0.701 0.61 1.07 1.403 1.443
1.096 1.151 1.294 1.409 1.281 0.996 0.92 0.993 0.93 1.402 1.229 0.701 0.61 1.07 1.403 1.439
0.912 1.151 1.294 1.409 1.281 0.996 0.92 0.993 0.93 1.402 1.229 0.701 0.61 1.07 1.403 1.224
1.222 1.151 1.294 1.409 1.281 0.996 0.92 0.993 0.93 1.402 1.229 0.701 0.61 1.07 1.403 0.455
1.149 1.151 1.294 1.409 1.281 0.996 0.92 0.993 0.93 1.402 1.229 0.701 0.61 1.07 1.403 0.748
1.204 1.151 1.294 1.409 1.281 0.996 0.92 0.993 0.93 1.402 1.229 0.701 0.61 1.07 1.403 1.415
0.87 1.151 1.294 1.409 1.281 0.996 0.92 0.993 0.93 1.402 1.229 0.701 0.61 1.07 1.403 1.215
0.788 1.151 1.294 1.409 1.281 0.996 0.92 0.993 0.93 1.402 1.229 0.701 0.61 1.07 1.403 1.416
1.072 1.151 1.294 1.409 1.281 0.996 0.92 0.993 0.93 1.402 1.229 0.701 0.61 1.07 1.403 1.419
1.282 1.151 1.294 1.409 1.281 0.996 0.92 0.993 0.93 1.402 1.229 0.701 0.61 1.07 1.403 1.511
0.943 1.151 1.294 1.409 1.281 0.996 0.92 0.993 0.93 1.402 1.229 0.701 0.61 1.07 1.403 1.455
1.071 1.151 1.294 1.409 1.281 0.996 0.92 0.993 0.93 1.402 1.229 0.701 0.61 1.07 1.403 1.314
0.416 1.151 1.294 1.409 1.281 0.996 0.92 0.993 0.93 1.402 1.229 0.701 0.61 1.07 1.403 0.662
0.763 1.151 1.294 1.409 1.281 0.996 0.92 0.993 0.93 1.402 1.229 0.701 0.61 1.07 1.403 1.303
1.21 1.151 1.294 1.409 1.281 0.996 0.92 0.993 0.93 1.402 1.229 0.701 0.61 1.07 1.403 0.997
1.126 1.151 1.294 1.409 1.281 0.996 0.92 0.993 0.93 1.402 1.229 0.701 0.61 1.07 1.403 0.518
1.09 1.151 1.294 1.409 1.281 0.996 0.92 0.993 0.93 1.402 1.229 0.701 0.61 1.07 1.403 1.526
1.41 1.151 1.294 1.409 1.281 0.996 0.92 0.993 0.93 1.402 1.229 0.701 0.61 1.07 1.403 0.436
0.93 1.151 1.294 1.409 1.281 0.996 0.92 0.993 0.93 1.402 1.229 0.701 0.61 1.07 1.403 0.466
0.751 1.151 1.294 1.409 1.281 0.996 0.92 0.993 0.93 1.402 1.229 0.701 0.61 1.07 1.403 1.319
1.35 1.151 1.294 1.409 1.281 0.996 0.92 0.993 0.93 1.402 1.229 0.701 0.61 1.07 1.403 0.458
1.056 1.151 1.294 1.409 1.281 0.996 0.92 0.993 0.93 1.402 1.229 0.701 0.61 1.07 1.403 0.571
0.901 1.151 1.294 1.409 1.281 0.996 0.92 0.993 0.93 1.402 1.229 0.701 0.61 1.07 1.403 1.184
1.3 1.151 1.294 1.409 1.281 0.996 0.92 0.993 0.93 1.402 1.229 0.701 0.61 1.07 1.403 1.349
0.896 1.151 1.294 1.409 1.281 0.996 0.92 0.993 0.93 1.402 1.229 0.701 0.61 1.07 1.403 0.911
1.279 1.151 1.294 1.409 1.281 0.996 0.92 0.993 0.93 1.402 1.229 0.701 0.61 1.07 1.403 1.31
0.978 1.151 1.294 1.409 1.281 0.996 0.92 0.993 0.93 1.402 1.229 0.701 0.61 1.07 1.403 0.774
1.576 1.151 1.294 1.409 1.281 0.996 0.92 0.993 0.93 1.402 1.229 0.701 0.61 1.07 1.403 0.394
1.124 1.151 1.294 1.409 1.281 0.996 0.92 0.993 0.93 1.402 1.229 0.701 0.61 1.07 1.403 1.231
0.53 1.151 1.294 1.409 1.281 0.996 0.92 0.993 0.93 1.402 1.229 0.701 0.61 1.07 1.403 0.737
1.095 1.151 1.294 1.409 1.281 0.996 0.92 0.993 0.93 1.402 1.229 0.701 0.61 1.07 1.403 1.287
0.569 1.151 1.294 1.409 1.281 0.996 0.92 0.993 0.93 1.402 1.229 0.701 0.61 1.07 1.403 0.465
1.153 1.151 1.294 1.409 1.281 0.996 0.92 0.993 0.93 1.402 1.229 0.701 0.61 1.07 1.403 1.209
0.608 1.151 1.294 1.409 1.281 0.996 0.92 0.993 0.93 1.402 1.229 0.701 0.61 1.07 1.403 0.445
0.866 1.151 1.294 1.409 1.281 0.996 0.92 0.993 0.93 1.402 1.229 0.701 0.61 1.07 1.403 1.106
0.446 1.151 1.294 1.409 1.281 0.996 0.92 0.993 0.93 1.402 1.229 0.701 0.61 1.07 1.403 0.384
1.64 1.151 1.294 1.409 1.281 0.996 0.92 0.993 0.93 1.402 1.229 0.701 0.61 1.07 1.403 0.788
1.146 1.151 1.294 1.409 1.281 0.996 0.92 0.993 0.93 1.402 1.229 0.701 0.61 1.07 1.403 1.702
0.831 1.151 1.294 1.409 1.281 0.996 0.92 0.993 0.93 1.402 1.229 0.701 0.61 1.07 1.403 0.725
1.025 1.151 1.294 1.409 1.281 0.996 0.92 0.993 0.93 1.402 1.229 0.701 0.61 1.07 1.403 1.21
1.575 1.151 1.294 1.409 1.281 0.996 0.92 0.993 0.93 1.402 1.229 0.701 0.61 1.07 1.403 0.927
1.441 1.151 1.294 1.409 1.281 0.996 0.92 0.993 0.93 1.402 1.229 0.701 0.61 1.07 1.403 0.492
1.398 1.151 1.294 1.409 1.281 0.996 0.92 0.993 0.93 1.402 1.229 0.701 0.61 1.07 1.403 0.523
1.258 1.151 1.294 1.409 1.281 0.996 0.92 0.993 0.93 1.402 1.229 0.701 0.61 1.07 1.403 1.118
1.533 1.151 1.294 1.409 1.281 0.996 0.92 0.993 0.93 1.402 1.229 0.701 0.61 1.07 1.403 0.439
0.86 1.151 1.294 1.409 1.281 0.996 0.92 0.993 0.93 1.402 1.229 0.701 0.61 1.07 1.403 1.24
1.134 1.151 1.294 1.409 1.281 0.996 0.92 0.993 0.93 1.402 1.229 0.701 0.61 1.07 1.403 1.163
1.065 1.151 1.294 1.409 1.281 0.996 0.92 0.993 0.93 1.402 1.229 0.701 0.61 1.07 1.403 1.031
0.468 1.151 1.294 1.409 1.281 0.996 0.92 0.993 0.93 1.402 1.229 0.701 0.61 1.07 1.403 0.778
1.677 1.151 1.294 1.409 1.281 0.996 0.92 0.993 0.93 1.402 1.229 0.701 0.61 1.07 1.403 0.931
0.518 1.151 1.294 1.409 1.281 0.996 0.92 0.993 0.93 1.402 1.229 0.701 0.61 1.07 1.403 0.639
1.357 1.151 1.294 1.409 1.281 0.996 0.92 0.993 0.93 1.402 1.229 0.701 0.61 1.07 1.403 1.565
0.851 1.151 1.294 1.409 1.281 0.996 0.92 0.993 0.93 1.402 1.229 0.701 0.61 1.07 1.403 0.8
0.437 1.151 1.294 1.409 1.281 0.996 0.92 0.993 0.93 1.402 1.229 0.701 0.61 1.07 1.403 1.188
1.365 1.151 1.294 1.409 1.281 0.996 0.92 0.993 0.93 1.402 1.229 0.701 0.61 1.07 1.403 0.793
0.564 1.151 1.294 1.409 1.281 0.996 0.92 0.993 0.93 1.402 1.229 0.701 0.61 1.07 1.403 0.6
0.747 1.151 1.294 1.409 1.281 0.996 0.92 0.993 0.93 1.402 1.229 0.701 0.61 1.07 1.403 1.077
1.46 1.151 1.294 1.409 1.281 0.996 0.92 0.993 0.93 1.402 1.229 0.701 0.61 1.07 1.403 0.677
0.584 1.151 1.294 1.409 1.281 0.996 0.92 0.993 0.93 1.402 1.229 0.701 0.61 1.07 1.403 1.155
0.885 1.151 1.294 1.409 1.281 0.996 0.92 0.993 0.93 1.402 1.229 0.701 0.61 1.07 1.403 1.006
0.975 1.151 1.294 1.409 1.281 0.996 0.92 0.993 0.93 1.402 1.229 0.701 0.61 1.07 1.403 0.903
1.144 1.151 1.294 1.409 1.281 0.996 0.92 0.993 0.93 1.402 1.229 0.701 0.61 1.07 1.403 1.034
1.299 1.151 1.294 1.409 1.281 0.996 0.92 0.993 0.93 1.402 1.229 0.701 0.61 1.07 1.403 1.543
0.858 1.151 1.294 1.409 1.281 0.996 0.92 0.993 0.93 1.402 1.229 0.701 0.61 1.07 1.403 1.372
0.463 1.151 1.294 1.409 1.281 0.996 0.92 0.993 0.93 1.402 1.229 0.701 0.61 1.07 1.403 0.506
0.82 1.151 1.294 1.409 1.281 0.996 0.92 0.993 0.93 1.402 1.229 0.701 0.61 1.07 1.403 1.153
1.57 1.151 1.294 1.409 1.281 0.996 0.92 0.993 0.93 1.402 1.229 0.701 0.61 1.07 1.403 0.963
1.498 1.151 1.294 1.409 1.281 0.996 0.92 0.993 0.93 1.402 1.229 0.701 0.61 1.07 1.403 1.091
0.823 1.151 1.294 1.409 1.281 0.996 0.92 0.993 0.93 1.402 1.229 0.701 0.61 1.07 1.403 1.252
0.504 1.151 1.294 1.409 1.281 0.996 0.92 0.993 0.93 1.402 1.229 0.701 0.61 1.07 1.403 1.184
1.141 1.151 1.294 1.409 1.281 0.996 0.92 0.993 0.93 1.402 1.229 0.701 0.61 1.07 1.403 1.009
0.916 1.151 1.294 1.409 1.281 0.996 0.92 0.993 0.93 1.402 1.229 0.701 0.61 1.07 1.403 0.731
0.83 1.151 1.294 1.409 1.281 0.996 0.92 0.993 0.93 1.402 1.229 0.701 0.61 1.07 1.403 0.98
1.257 1.151 1.294 1.409 1.281 0.996 0.92 0.993 0.93 1.402 1.229 0.701 0.61 1.07 1.403 0.453
1.046 1.151 1.294 1.409 1.281 0.996 0.92 0.993 0.93 1.402 1.229 0.701 0.61 1.07 1.403 0.932
0.956 1.151 1.294 1.409 1.281 0.996 0.92 0.993 0.93 1.402 1.229 0.701 0.61 1.07 1.403 1.18
0.87 1.151 1.294 1.409 1.281 0.996 0.92 0.993 0.93 1.402 1.229 0.701 0.61 1.07 1.403 0.794
0.752 1.151 1.294 1.409 1.281 0.996 0.92 0.993 0.93 1.402 1.229 0.701 0.61 1.07 1.403 0.953
1.264 1.151 1.294 1.409 1.281 0.996 0.92 0.993 0.93 1.402 1.229 0.701 0.61 1.07 1.403 0.684
1.12 1.151 1.294 1.409 1.281 0.996 0.92 0.993 0.93 1.402 1.229 0.701 0.61 1.07 1.403 1.002
1.658 1.151 1.294 1.409 1.281 0.996 0.92 0.993 0.93 1.402 1.229 0.701 0.61 1.07 1.403 0.702
0.838 1.151 1.294 1.409 1.281 0.996 0.92 0.993 0.93 1.402 1.229 0.701 0.61 1.07 1.403 0.83
0.663 1.151 1.294 1.409 1.281 0.996 0.92 0.993 0.93 1.402 1.229 0.701 0.61 1.07 1.403 1.638
0.884 1.151 1.294 1.409 1.281 0.996 0.92 0.993 0.93 1.402 1.229 0.701 0.61 1.07 1.403 0.949
0.826 1.151 1.294 1.409 1.281 0.996 0.92 0.993 0.93 1.402 1.229 0.701 0.61 1.07 1.403 1.325
0.57 1.151 1.294 1.409 1.281 0.996 0.92 0.993 0.93 1.402 1.229 0.701 0.61 1.07 1.403 1.31
1.324 1.151 1.294 1.409 1.281 0.996 0.92 0.993 0.93 1.402 1.229 0.701 0.61 1.07 1.403 1.089
0.689 1.151 1.294 1.409 1.281 0.996 0.92 0.993 0.93 1.402 1.229 0.701 0.61 1.07 1.403 1.257
1.049 1.151 1.294 1.409 1.281 0.996 0.92 0.993 0.93 1.402 1.229 0.701 0.61 1.07 1.403 1.318
1.034 1.151 1.294 1.409 1.281 0.996 0.92 0.993 0.93 1.402 1.229 0.701 0.61 1.07 1.403 1.155
0.978 1.151 1.294 1.409 1.281 0.996 0.92 0.993 0.93 1.402 1.229 0.701 0.61 1.07 1.403 1.51
1.521 1.151 1.294 1.409 1.281 0.996 0.92 0.993 0.93 1.402 1.229 0.701 0.61 1.07 1.403 1.056
1.386 1.151 1.294 1.409 1.281 0.996 0.92 0.993 0.93 1.402 1.229 0.701 0.61 1.07 1.403 1.292
1.193 1.151 1.294 1.409 1.281 0.996 0.92 0.993 0.93 1.402 1.229 0.701 0.61 1.07 1.403 0.979
1.302 1.151 1.294 1.409 1.281 0.996 0.92 0.993 0.93 1.402 1.229 0.701 0.61 1.07 1.403 0.597
1.183 1.151 1.294 1.409 1.281 0.996 0.92 0.993 0.93 1.402 1.229 0.701 0.61 1.07 1.403 1.321
1.351 1.151 1.294 1.409 1.281 0.996 0.92 0.993 0.93 1.402 1.229 0.701 0.61 1.07 1.403 0.965
0.926 1.151 1.294 1.409 1.281 0.996 0.92 0.993 0.93 1.402 1.229 0.701 0.61 1.07 1.403 1.391
1.422 1.151 1.294 1.409 1.281 0.996 0.92 0.993 0.93 1.402 1.229 0.701 0.61 1.07 1.403 0.737
1.49 1.151 1.294 1.409 1.281 0.996 0.92 0.993 0.93 1.402 1.229 0.701 0.61 1.07 1.403 1.376
1.496 1.151 1.294 1.409 1.281 0.996 0.92 0.993 0.93 1.402 1.229 0.701 0.61 1.07 1.403 0.941
0.725 1.151 1.294 1.409 1.281 0.996 0.92 0.993 0.93 1.402 1.229 0.701 0.61 1.07 1.403 0.974
1.276 1.151 1.294 1.409 1.281 0.996 0.92 0.993 0.93 1.402 1.229 0.701 0.61 1.07 1.403 0.769
1.007 1.151 1.294 1.409 1.281 0.996 0.92 0.993 0.93 1.402 1.229 0.701 0.61 1.07 1.403 0.605
0.919 1.151 1.294 1.409 1.281 0.996 0.92 0.993 0.93 1.402 1.229 0.701 0.61 1.07 1.403 0.442
1.378 1.151 1.294 1.409 1.281 0.996 0.92 0.993 0.93 1.402 1.229 0.701 0.61 1.07 1.403 0.915
1.192 1.151 1.294 1.409 1.281 0.996 0.92 0.993 0.93 1.402 1.229 0.701 0.61 1.07 1.403 0.537
1.093 1.151 1.294 1.409 1.281 0.996 0.92 0.993 0.93 1.402 1.229 0.701 0.61 1.07 1.403 0.871
0.988 1.151 1.294 1.409 1.281 0.996 0.92 0.993 0.93 1.402 1.229 0.701 0.61 1.07 1.403 1.147
0.774 1.151 1.294 1.409 1.281 0.996 0.92 0.993 0.93 1.402 1.229 0.701 0.61 1.07 1.403 1.01
0.866 1.151 1.294 1.409 1.281 0.996 0.92 0.993 0.93 1.402 1.229 0.701 0.61 1.07 1.403 1.014
0.977 1.151 1.294 1.409 1.281 0.996 0.92 0.993 0.93 1.402 1.229 0.701 0.61 1.07 1.403 0.594
1.081 1.151 1.294 1.409 1.281 0.996 0.92 0.993 0.93 1.402 1.229 0.701 0.61 1.07 1.403 1.3
1.22 1.151 1.294 1.409 1.281 0.996 0.92 0.993 0.93 1.402 1.229 0.701 0.61 1.07 1.403 0.998
1.068 1.151 1.294 1.409 1.281 0.996 0.92 0.993 0.93 1.402 1.229 0.701 0.61 1.07 1.403 1.267
1.21 1.151 1.294 1.409 1.281 0.996 0.92 0.993 0.93 1.402 1.229 0.701 0.61 1.07 1.403 1.493
1.069 1.151 1.294 1.409 1.281 0.996 0.92 0.993 0.93 1.402 1.229 0.701 0.61 1.07 1.403 1.137
0.932 1.151 1.294 1.409 1.281 0.996 0.92 0.993 0.93 1.402 1.229 0.701 0.61 1.07 1.403 1.228
0.88 1.151 1.294 1.409 1.281 0.996 0.92 0.993 0.93 1.402 1.229 0.701 0.61 1.07 1.403 1.336
0.528 1.151 1.294 1.409 1.281 0.996 0.92 0.993 0.93 1.402 1.229 0.701 0.61 1.07 1.403 0.707
1.244 1.151 1.294 1.409 1.281 0.996 0.92 0.993 0.93 1.402 1.229 0.701 0.61 1.07 1.403 0.715
1.016 1.151 1.294 1.409 1.281 0.996 0.92 0.993 0.93 1.402 1.229 0.701 0.61 1.07 1.403 0.904
0.837 1.151 1.294 1.409 1.281 0.996 0.92 0.993 0.93 1.402 1.229 0.701 0.61 1.07 1.403 0.525
1.555 1.151 1.294 1.409 1.281 0.996 0.92 0.993 0.93 1.402 1.229 0.701 0.61 1.07 1.403 0.476
1.068 1.151 1.294 1.409 1.281 0.996 0.92 0.993 0.93 1.402 1.229 0.701 0.61 1.07 1.403 1.453
0.646 1.151 1.294 1.409 1.281 0.996 0.92 0.993 0.93 1.402 1.229 0.701 0.61 1.07 1.403 1.456
0.771 1.151 1.294 1.409 1.281 0.996 0.92 0.993 0.93 1.402 1.229 0.701 0.61 1.07 1.403 0.781
0.904 1.151 1.294 1.409 1.281 0.996 0.92 0.993 0.93 1.402 1.229 0.701 0.61 1.07 1.403 0.737
0.492 1.151 1.294 1.409 1.281 0.996 0.92 0.993 0.93 1.402 1.229 0.701 0.61 1.07 1.403 1.381
0.929 1.151 1.294 1.409 1.281 0.996 0.92 0.993 0.93 1.402 1.229 0.701 0.61 1.07 1.403 1.248
1.009 1.151 1.294 1.409 1.281 0.996 0.92 0.993 0.93 1.402 1.229 0.701 0.61 1.07 1.403 1.09
1.252 1.151 1.294 1.409 1.281 0.996 0.92 0.993 0.93 1.402 1.229 0.701 0.61 1.07 1.403 1.046
1.09 1.151 1.294 1.409 1.281 0.996 0.92 0.993 0.93 1.402 1.229 0.701 0.61 1.07 1.403 1.305
1.014 1.151 1.294 1.409 1.281 0.996 0.92 0.993 0.93 1.402 1.229 0.701 0.61 1.07 1.403 1.332
0.556 1.151 1.294 1.409 1.281 0.996 0.92 0.993 0.93 1.402 1.229 0.701 0.61 1.07 1.403 0.786
1.052 1.151 1.294 1.409 1.281 0.996 0.92 0.993 0.93 1.402 1.229 0.701 0.61 1.07 1.403 0.481
0.54 1.151 1.294 1.409 1.281 0.996 0.92 0.993 0.93 1.402 1.229 0.701 0.61 1.07 1.403 1.54
1.249 1.151 1.294 1.409 1.281 0.996 0.92 0.993 0.93 1.402 1.229 0.701 0.61 1.07 1.403 1.08
0.975 1.151 1.294 1.409 1.281 0.996 0.92 0.993 0.93 1.402 1.229 0.701 0.61 1.07 1.403 1.184
0.77 1.151 1.294 1.409 1.281 0.996 0.92 0.993 0.93 1.402 1.229 0.701 0.61 1.07 1.403 0.819
1.405 1.151 1.294 1.409 1.281 0.996 0.92 0.993 0.93 1.402 1.229 0.701 0.61 1.07 1.403 0.653
1.218 1.151 1.294 1.409 1.281 0.996 0.92 0.993 0.93 1.402 1.229 0.701 0.61 1.07 1.403 1.415
1.295 1.151 1.294 1.409 1.281 0.996 0.92 0.993 0.93 1.402 1.229 0.701 0.61 1.07 1.403 0.744
0.933 1.151 1.294 1.409 1.281 0.996 0.92 0.993 0.93 1.402 1.229 0.701 0.61 1.07 1.403 0.901
1.261 1.151 1.294 1.409 1.281 0.996 0.92 0.993 0.93 1.402 1.229 0.701 0.61 1.07 1.403 0.716
1.27 1.151 1.294 1.409 1.281 0.996 0.92 0.993 0.93 1.402 1.229 0.701 0.61 1.07 1.403 1.295
0.981 1.151 1.294 1.409 1.281 0.996 0.92 0.993 0.93 1.402 1.229 0.701 0.61 1.07 1.403 0.548
0.608 1.151 1.294 1.409 1.281 0.996 0.92 0.993 0.93 1.402 1.229 0.701 0.61 1.07 1.403 1.038
1.079 1.151 1.294 1.409 1.281 0.996 0.92 0.993 0.93 1.402 1.229 0.701 0.61 1.07 1.403 0.78
1.053 1.151 1.294 1.409 1.281 0.996 0.92 0.993 0.93 1.402 1.229 0.701 0.61 1.07 1.403 1.097
0.948 1.151 1.294 1.409 1.281 0.996 0.92 0.993 0.93 1.402 1.229 0.701 0.61 1.07 1.403 1.182
1.101 1.151 1.294 1.409 1.281 0.996 0.92 0.993 0.93 1.402 1.229 0.701 0.61 1.07 1.403 0.692
1.057 1.151 1.294 1.409 1.281 0.996 0.92 0.993 0.93 1.402 1.229 0.701 0.61 1.07 1.403 1.252
1.335 1.151 1.294 1.409 1.281 0.996 0.92 0.993 0.93 1.402 1.229 0.701 0.61 1.07 1.403 0.608
0.789 1.151 1.294 1.409 1.281 0.996 0.92 0.993 0.93 1.402 1.229 0.701 0.61 1.07 1.403 1.203
1.063 1.151 1.294 1.409 1.281 0.996 0.92 0.993 0.93 1.402 1.229 0.701 0.61 1.07 1.403 1.384
1.079 1.151 1.294 1.409 1.281 0.996 0.92 0.993 0.93 1.402 1.229 0.701 0.61 1.07 1.403 0.711
1.175 1.151 1.294 1.409 1.281 0.996 0.92 0.993 0.93 1.402 1.229 0.701 0.61 1.07 1.403 0.954
0.907 1.151 1.294 1.409 1.281 0.996 0.92 0.993 0.93 1.402 1.229 0.701 0.61 1.07 1.403 1.078
1.411 1.151 1.294 1.409 1.281 0.996 0.92 0.993 0.93 1.402 1.229 0.701 0.61 1.07 1.403 1.31
1.014 1.151 1.294 1.409 1.281 0.996 0.92 0.993 0.93 1.402 1.229 0.701 0.61 1.07 1.403 0.62
0.942 1.151 1.294 1.409 1.281 0.996 0.92 0.993 0.93 1.402 1.229 0.701 0.61 1.07 1.403 1.172
1.24 1.151 1.294 1.409 1.281 0.996 0.92 0.993 0.93 1.402 1.229 0.701 0.61 1.07 1.403 1.608
0.528 1.151 1.294 1.409 1.281 0.996 0.92 0.993 0.93 1.402 1.229 0.701 0.61 1.07 1.403 1.237
1.151 1.151 1.294 1.409 1.281 0.996 0.92 0.993 0.93 1.402 1.229 0.701 0.61 1.07 1.403 1.355
1.356 1.151 1.294 1.409 1.281 0.996 0.92 0.993 0.93 1.402 1.229 0.701 0.61 1.07 1.403 0.648
1.472 1.151 1.294 1.409 1.281 0.996 0.92 0.993 0.93 1.402 1.229 0.701 0.61 1.07 1.403 1.108
1.264 1.151 1.294 1.409 1.281 0.996 0.92 0.993 0.93 1.402 1.229 0.701 0.61 1.07 1.403 0.477
1.458 1.151 1.294 1.409 1.281 0.996 0.92 0.993 0.93 1.402 1.229 0.701 0.61 1.07 1.403 1.342
1.172 1.151 1.294 1.409 1.281 0.996 0.92 0.993 0.93 1.402 1.229 0.701 0.61 1.07 1.403 0.696
0.987 1.151 1.294 1.409 1.281 0.996 0.92 0.993 0.93 1.402 1.229 0.701 0.61 1.07 1.403 1.399
1.229 1.151 1.294 1.409 1.281 0.996 0.92 0.993 0.93 1.402 1.229 0.701 0.61 1.07 1.403 1.401
1.6 1.151 1.294 1.409 1.281 0.996 0.92 0.993 0.93 1.402 1.229 0.701 0.61 1.07 1.403 0.586
1.097 1.151 1.294 1.409 1.281 0.996 0.92 0.993 0.93 1.402 1.229 0.701 0.61 1.07 1.403 1.207
0.633 1.151 1.294 1.409 1.281 0.996 0.92 0.993 0.93 1.402 1.229 0.701 0.61 1.07 1.403 1.106
1.296 1.151 1.294 1.409 1.281 0.996 0.92 0.993 0.93 1.402 1.229 0.701 0.61 1.07 1.403 1.507
1.11 1.151 1.294 1.409 1.281 0.996 0.92 0.993 0.93 1.402 1.229 0.701 0.61 1.07 1.403 1.23
1.306 1.151 1.294 1.409 1.281 0.996 0.92 0.993 0.93 1.402 1.229 0.701 0.61 1.07 1.403 0.61
1.046 1.151 1.294 1.409 1.281 0.996 0.92 0.993 0.93 1.402 1.229 0.701 0.61 1.07 1.403 1.02
0.943 1.151 1.294 1.409 1.281 0.996 0.92 0.993 0.93 1.402 1.229 0.701 0.61 1.07 1.403 1.6
0.921 1.151 1.294 1.409 1.281 0.996 0.92 0.993 0.93 1.402 1.229 0.701 0.61 1.07 1.403 1.067
1.163 1.151 1.294 1.409 1.281 0.996 0.92 0.993 0.93 1.402 1.229 0.701 0.61 1.07 1.403 0.734
0.763 1.151 1.294 1.409 1.281 0.996 0.92 0.993 0.93 1.402 1.229 0.701 0.61 1.07 1.403 1.119
0.859 1.151 1.294 1.409 1.281 0.996 0.92 0.993 0.93 1.402 1.229 0.701 0.61 1.07 1.403 0.798
0.872 1.151 1.294 1.409 1.281 0.996 0.92 0.993 0.93 1.402 1.229 0.701 0.61 1.07 1.403 1.567
1.596 1.151 1.294 1.409 1.281 0.996 0.92 0.993 0.93 1.402 1.229 0.701 0.61 1.07 1.403 1.423
1.298 1.151 1.294 1.409 1.281 0.996 0.92 0.993 0.93 1.402 1.229 0.701 0.61 1.07 1.403 0.408
0.419 1.151 1.294 1.409 1.281 0.996 0.92 0.993 0.93 1.402 1.229 0.701 0.61 1.07 1.403 1.417
0.527 1.151 1.294 1.409 1.281 0.996 0.92 0.993 0.93 1.402 1.229 0.701 0.61 1.07 1.403 0.36
1.027 1.151 1.294 1.409 1.281 0.996 0.92 0.993 0.93 1.402 1.229 0.701 0.61 1.07 1.403 1.563
1.127 1.151 1.294 1.409 1.281 0.996 0.92 0.993 0.93 1.402 1.229 0.701 0.61 1.07 1.403 0.955
0.866 1.151 1.294 1.409 1.281 0.996 0.92 0.993 0.93 1.402 1.229 0.701 0.61 1.07 1.403 1.525
1.217 1.151 1.294 1.409 1.281 0.996 0.92 0.993 0.93 1.402 1.229 0.701 0.61 1.07 1.403 0.972
1.02 1.151 1.294 1.409 1.281 0.996 0.92 0.993 0.93 1.402 1.229 0.701 0.61 1.07 1.403 1.375
0.925 1.151 1.294 1.409 1.281 0.996 0.92 0.993 0.93 1.402 1.229 0.701 0.61 1.07 1.403 1.235
1.066 1.151 1.294 1.409 1.281 0.996 0.92 0.993 0.93 1.402 1.229 0.701 0.61 1.07 1.403 1.373
1.357 1.151 1.294 1.409 1.281 0.996 0.92 0.993 0.93 1.402 1.229 0.701 0.61 1.07 1.403 0.763
1.532 1.151 1.294 1.409 1.281 0.996 0.92 0.993 0.93 1.402 1.229 0.701 0.61 1.07 1.403 1.049
1.382 1.151 1.294 1.409 1.281 0.996 0.92 0.993 0.93 1.402 1.229 0.701 0.61 1.07 1.403 1.065
1.15 1.151 1.294 1.409 1.281 0.996 0.92 0.993 0.93 1.402 1.229 0.701 0.61 1.07 1.403 1.499
0.912 1.151 1.294 1.409 1.281 0.996 0.92 0.993 0.93 1.402 1.229 0.701 0.61 1.07 1.403 1.079
