0.714 1.063 1.053 1.041 1.074 1.097 0.98 0.816 0.914 0.991 1.093 1.033 0.925 1.313 0.7 0.789
0.926 1.063 1.053 1.041 1.074 1.097 0.98 0.816 0.914 0.991 1.093 1.033 0.925 1.313 0.7 1.17
1.231 1.063 1.053 1.041 1.074 1.097 0.98 0.816 0.914 0.991 1.093 1.033 0.925 1.313 0.7 1.268
1.389 1.063 1.053 1.041 1.074 1.097 0.98 0.816 0.914 0.991 1.093 1.033 0.925 1.313 0.7 0.803
1.379 1.063 1.053 1.041 1.074 1.097 0.98 0.816 0.914 0.991 1.093 1.033 0.925 1.313 0.7 1.111
0.834 1.063 1.053 1.041 1.074 1.097 0.98 0.816 0.914 0.991 1.093 1.033 0.925 1.313 0.7 0.617
0.753 1.063 1.053 1.041 1.074 1.097 0.98 0.816 0.914 0.991 1.093 1.033 0.925 1.313 0.7 0.778
1.204 1.063 1.053 1.041 1.074 1.097 0.98 0.816 0.914 0.991 1.093 1.033 0.925 1.313 0.7 0.752
0.939 1.063 1.053 1.041 1.074 1.097 0.98 0.816 0.914 0.991 1.093 1.033 0.925 1.313 0.7 0.985
1.465 1.063 1.053 1.041 1.074 1.097 0.98 0.816 0.914 0.991 1.093 1.033 0.925 1.313 0.7 1.344
1.037 1.063 1.053 1.041 1.074 1.097 0.98 0.816 0.914 0.991 1.093 1.033 0.925 1.313 0.7 0.901
1.339 1.063 1.053 1.041 1.074 1.097 0.98 0.816 0.914 0.991 1.093 1.033 0.925 1.313 0.7 1.026
1.31 1.063 1.053 1.041 1.074 1.097 0.98 0.816 0.914 0.991 1.093 1.033 0.925 1.313 0.7 1.32
0.925 1.063 1.053 1.041 1.074 1.097 0.98 0.816 0.914 0.991 1.093 1.033 0.925 1.313 0.7 1.061
0.92 1.063 1.053 1.041 1.074 1.097 0.98 0.816 0.914 0.991 1.093 1.033 0.925 1.313 0.7 0.914
0.925 1.063 1.053 1.041 1.074 1.097 0.98 0.816 0.914 0.991 1.093 1.033 0.925 1.313 0.7 0.688
0.767 1.063 1.053 1.041 1.074 1.097 0.98 0.816 0.914 0.991 1.093 1.033 0.925 1.313 0.7 1.023
1.026 1.063 1.053 1.041 1.074 1.097 0.98 0.816 0.914 0.991 1.093 1.033 0.925 1.313 0.7 0.617
1.091 1.063 1.053 1.041 1.074 1.097 0.98 0.816 0.914 0.991 1.093 1.033 0.925 1.313 0.7 0.747
0.896 1.063 1.053 1.041 1.074 1.097 0.98 0.816 0.914 0.991 1.093 1.033 0.925 1.313 0.7 1.298
1.219 1.063 1.053 1.041 1.074 1.097 0.98 0.816 0.914 0.991 1.093 1.033 0.925 1.313 0.7 1.122
0.883 1.063 1.053 1.041 1.074 1.097 0.98 0.816 0.914 0.991 1.093 1.033 0.925 1.313 0.7 0.615
0.847 1.063 1.053 1.041 1.074 1.097 0.98 0.816 0.914 0.991 1.093 1.033 0.925 1.313 0.7 0.934
1.108 1.063 1.053 1.041 1.074 1.097 0.98 0.816 0.914 0.991 1.093 1.033 0.925 1.313 0.7 0.948
0.638 1.063 1.053 1.041 1.074 1.097 0.98 0.816 0.914 0.991 1.093 1.033 0.925 1.313 0.7 1.123
0.851 1.063 1.053 1.041 1.074 1.097 0.98 0.816 0.914 0.991 1.093 1.033 0.925 1.313 0.7 0.987
0.883 1.063 1.053 1.041 1.074 1.097 0.98 0.816 0.914 0.991 1.093 1.033 0.925 1.313 0.7 0.997
0.722 1.063 1.053 1.041 1.074 1.097 0.98 0.816 0.914 0.991 1.093 1.033 0.925 1.313 0.7 0.561
1.391 1.063 1.053 1.041 1.074 1.097 0.98 0.816 0.914 0.991 1.093 1.033 0.925 1.313 0.7 1.128
0.818 1.063 1.053 1.041 1.074 1.097 0.98 0.816 0.914 0.991 1.093 1.033 0.925 1.313 0.7 0.872
1.291 1.063 1.053 1.041 1.074 1.097 0.98 0.816 0.914 0.991 1.093 1.033 0.925 1.313 0.7 1.031
1.251 1.063 1.053 1.041 1.074 1.097 0.98 0.816 0.914 0.991 1.093 1.033 0.925 1.313 0.7 0.444
1.446 1.063 1.053 1.041 1.074 1.097 0.98 0.816 0.914 0.991 1.093 1.033 0.925 1.313 0.7 1.087
0.971 1.063 1.053 1.041 1.074 1.097 0.98 0.816 0.914 0.991 1.093 1.033 0.925 1.313 0.7 0.479
1.305 1.063 1.053 1.041 1.074 1.097 0.98 0.816 0.914 0.991 1.093 1.033 0.925 1.313 0.7 1.192
1.232 1.063 1.053 1.041 1.074 1.097 0.98 0.816 0.914 0.991 1.093 1.033 0.925 1.313 0.7 0.989
1.198 1.063 1.053 1.041 1.074 1.097 0.98 0.816 0.914 0.991 1.093 1.033 0.925 1.313 0.7 1.331
1.321 1.063 1.053 1.041 1.074 1.097 0.98 0.816 0.914 0.991 1.093 1.033 0.925 1.313 0.7 0.571
1.072 1.063 1.053 1.041 1.074 1.097 0.98 0.816 0.914 0.991 1.093 1.033 0.925 1.313 0.7 1.12
1.462 1.063 1.053 1.041 1.074 1.097 0.98 0.816 0.914 0.991 1.093 1.033 0.925 1.313 0.7 1.139
0.76 1.063 1.053 1.041 1.074 1.097 0.98 0.816 0.914 0.991 1.093 1.033 0.925 1.313 0.7 0.812
1.365 1.063 1.053 1.041 1.074 1.097 0.98 0.816 0.914 0.991 1.093 1.033 0.925 1.313 0.7 0.846
0.875 1.063 1.053 1.041 1.074 1.097 0.98 0.816 0.914 0.991 1.093 1.033 0.925 1.313 0.7 1.113
0.994 1.063 1.053 1.041 1.074 1.097 0.98 0.816 0.914 0.991 1.093 1.033 0.925 1.313 0.7 0.719
1.171 1.063 1.053 1.041 1.074 1.097 0.98 0.816 0.914 0.991 1.093 1.033 0.925 1.313 0.7 0.901
1.388 1.063 1.053 1.041 1.074 1.097 0.98 0.816 0.914 0.991 1.093 1.033 0.925 1.313 0.7 1.335
0.988 1.063 1.053 1.041 1.074 1.097 0.98 0.816 0.914 0.991 1.093 1.033 0.925 1.313 0.7 1.287
0.863 1.063 1.053 1.041 1.074 1.097 0.98 0.816 0.914 0.991 1.093 1.033 0.925 1.313 0.7 1.208
0.825 1.063 1.053 1.041 1.074 1.097 0.98 0.816 0.914 0.991 1.093 1.033 0.925 1.313 0.7 1.223
1.312 1.063 1.053 1.041 1.074 1.097 0.98 0.816 0.914 0.991 1.093 1.033 0.925 1.313 0.7 1.046
1.014 1.063 1.053 1.041 1.074 1.097 0.98 0.816 0.914 0.991 1.093 1.033 0.925 1.313 0.7 0.829
1.078 1.063 1.053 1.041 1.074 1.097 0.98 0.816 0.914 0.991 1.093 1.033 0.925 1.313 0.7 1.349
1.259 1.063 1.053 1.041 1.074 1.097 0.98 0.816 0.914 0.991 1.093 1.033 0.925 1.313 0.7 0.736
0.989 1.063 1.053 1.041 1.074 1.097 0.98 0.816 0.914 0.991 1.093 1.033 0.925 1.313 0.7 1.15
0.892 1.063 1.053 1.041 1.074 1.097 0.98 0.816 0.914 0.991 1.093 1.033 0.925 1.313 0.7 1.233
1.06 1.063 1.053 1.041 1.074 1.097 0.98 0.816 0.914 0.991 1.093 1.033 0.925 1.313 0.7 1.316
0.884 1.063 1.053 1.041 1.074 1.097 0.98 0.816 0.914 0.991 1.093 1.033 0.925 1.313 0.7 1.114
1.596 1.063 1.053 1.041 1.074 1.097 0.98 0.816 0.914 0.991 1.093 1.033 0.925 1.313 0.7 1.34
1.101 1.063 1.053 1.041 1.074 1.097 0.98 0.816 0.914 0.991 1.093 1.033 0.925 1.313 0.7 0.714
0.69 1.063 1.053 1.041 1.074 1.097 0.98 0.816 0.914 0.991 1.093 1.033 0.925 1.313 0.7 1.088
0.968 1.063 1.053 1.041 1.074 1.097 0.98 0.816 0.914 0.991 1.093 1.033 0.925 1.313 0.7 0.753
0.921 1.063 1.053 1.041 1.074 1.097 0.98 0.816 0.914 0.991 1.093 1.033 0.925 1.313 0.7 0.949
0.928 1.063 1.053 1.041 1.074 1.097 0.98 0.816 0.914 0.991 1.093 1.033 0.925 1.313 0.7 0.76
0.861 1.063 1.053 1.041 1.074 1.097 0.98 0.816 0.914 0.991 1.093 1.033 0.925 1.313 0.7 0.929
1.309 1.063 1.053 1.041 1.074 1.097 0.98 0.816 0.914 0.991 1.093 1.033 0.925 1.313 0.7 0.654
0.832 1.063 1.053 1.041 1.074 1.097 0.98 0.816 0.914 0.991 1.093 1.033 0.925 1.313 0.7 1.143
0.605 1.063 1.053 1.041 1.074 1.097 0.98 0.816 0.914 0.991 1.093 1.033 0.925 1.313 0.7 0.971
1.339 1.063 1.053 1.041 1.074 1.097 0.98 0.816 0.914 0.991 1.093 1.033 0.925 1.313 0.7 0.955
1.096 1.063 1.053 1.041 1.074 1.097 0.98 0.816 0.914 0.991 1.093 1.033 0.925 1.313 0.7 0.679
0.912 1.063 1.053 1.041 1.074 1.097 0.98 0.816 0.914 0.991 1.093 1.033 0.925 1.313 0.7 1.097
1.311 1.063 1.053 1.041 1.074 1.097 0.98 0.816 0.914 0.991 1.093 1.033 0.925 1.313 0.7 1.128
1.26 1.063 1.053 1.041 1.074 1.097 0.98 0.816 0.914 0.991 1.093 1.033 0.925 1.313 0.7 0.447
1.267 1.063 1.053 1.041 1.074 1.097 0.98 0.816 0.914 0.991 1.093 1.033 0.925 1.313 0.7 1.237
0.924 1.063 1.053 1.041 1.074 1.097 0.98 0.816 0.914 0.991 1.093 1.033 0.925 1.313 0.7 1.14
0.866 1.063 1.053 1.041 1.074 1.097 0.98 0.816 0.914 0.991 1.093 1.033 0.925 1.313 0.7 0.725
1.246 1.063 1.053 1.041 1.074 1.097 0.98 0.816 0.914 0.991 1.093 1.033 0.925 1.313 0.7 0.985
0.675 1.063 1.053 1.041 1.074 1.097 0.98 0.816 0.914 0.991 1.093 1.033 0.925 1.313 0.7 1.169
1.061 1.063 1.053 1.041 1.074 1.097 0.98 0.816 0.914 0.991 1.093 1.033 0.925 1.313 0.7 0.698
1.155 1.063 1.053 1.041 1.074 1.097 0.98 0.816 0.914 0.991 1.093 1.033 0.925 1.313 0.7 0.659
0.877 1.063 1.053 1.041 1.074 1.097 0.98 0.816 0.914 0.991 1.093 1.033 0.925 1.313 0.7 0.779
0.768 1.063 1.053 1.041 1.074 1.097 0.98 0.816 0.914 0.991 1.093 1.033 0.925 1.313 0.7 0.694
0.969 1.063 1.053 1.041 1.074 1.097 0.98 0.816 0.914 0.991 1.093 1.033 0.925 1.313 0.7 0.645
0.88 1.063 1.053 1.041 1.074 1.097 0.98 0.816 0.914 0.991 1.093 1.033 0.925 1.313 0.7 1.094
1.098 1.063 1.053 1.041 1.074 1.097 0.98 0.816 0.914 0.991 1.093 1.033 0.925 1.313 0.7 0.877
1.204 1.063 1.053 1.041 1.074 1.097 0.98 0.816 0.914 0.991 1.093 1.033 0.925 1.313 0.7 0.928
0.793 1.063 1.053 1.041 1.074 1.097 0.98 0.816 0.914 0.991 1.093 1.033 0.925 1.313 0.7 1.123
1.176 1.063 1.053 1.041 1.074 1.097 0.98 0.816 0.914 0.991 1.093 1.033 0.925 1.313 0.7 0.436
0.763 1.063 1.053 1.041 1.074 1.097 0.98 0.816 0.914 0.991 1.093 1.033 0.925 1.313 0.7 1.176
1.12 1.063 1.053 1.041 1.074 1.097 0.98 0.816 0.914 0.991 1.093 1.033 0.925 1.313 0.7 0.996
0.764 1.063 1.053 1.041 1.074 1.097 0.98 0.816 0.914 0.991 1.093 1.033 0.925 1.313 0.7 1.37
1.351 1.063 1.053 1.041 1.074 1.097 0.98 0.816 0.914 0.991 1.093 1.033 0.925 1.313 0.7 0.639
0.664 1.063 1.053 1.041 1.074 1.097 0.98 0.816 0.914 0.991 1.093 1.033 0.925 1.313 0.7 0.894
1.386 1.063 1.053 1.041 1.074 1.097 0.98 0.816 0.914 0.991 1.093 1.033 0.925 1.313 0.7 1.364
0.764 1.063 1.053 1.041 1.074 1.097 0.98 0.816 0.914 0.991 1.093 1.033 0.925 1.313 0.7 0.87
1.219 1.063 1.053 1.041 1.074 1.097 0.98 0.816 0.914 0.991 1.093 1.033 0.925 1.313 0.7 1.351
1.081 1.063 1.053 1.041 1.074 1.097 0.98 0.816 0.914 0.991 1.093 1.033 0.925 1.313 0.7 0.989
1.303 1.063 1.053 1.041 1.074 1.097 0.98 0.816 0.914 0.991 1.093 1.033 0.925 1.313 0.7 1.179
0.82 1.063 1.053 1.041 1.074 1.097 0.98 0.816 0.914 0.991 1.093 1.033 0.925 1.313 0.7 0.844
1.173 1.063 1.053 1.041 1.074 1.097 0.98 0.816 0.914 0.991 1.093 1.033 0.925 1.313 0.7 0.673
0.601 1.063 1.053 1.041 1.074 1.097 0.98 0.816 0.914 0.991 1.093 1.033 0.925 1.313 0.7 0.922
0.873 1.063 1.053 1.041 1.074 1.097 0.98 0.816 0.914 0.991 1.093 1.033 0.925 1.313 0.7 1.128
1.444 1.063 1.053 1.041 1.074 1.097 0.98 0.816 0.914 0.991 1.093 1.033 0.925 1.313 0.7 1.211
0.805 1.063 1.053 1.041 1.074 1.097 0.98 0.816 0.914 0.991 1.093 1.033 0.925 1.313 0.7 0.897
1.301 1.063 1.053 1.041 1.074 1.097 0.98 0.816 0.914 0.991 1.093 1.033 0.925 1.313 0.7 0.458
1.367 1.063 1.053 1.041 1.074 1.097 0.98 0.816 0.914 0.991 1.093 1.033 0.925 1.313 0.7 1.153
0.753 1.063 1.053 1.041 1.074 1.097 0.98 0.816 0.914 0.991 1.093 1.033 0.925 1.313 0.7 1.321
0.852 1.063 1.053 1.041 1.074 1.097 0.98 0.816 0.914 0.991 1.093 1.033 0.925 1.313 0.7 0.669
0.873 1.063 1.053 1.041 1.074 1.097 0.98 0.816 0.914 0.991 1.093 1.033 0.925 1.313 0.7 0.663
1.054 1.063 1.053 1.041 1.074 1.097 0.98 0.816 0.914 0.991 1.093 1.033 0.925 1.313 0.7 0.79
1.16 1.063 1.053 1.041 1.074 1.097 0.98 0.816 0.914 0.991 1.093 1.033 0.925 1.313 0.7 0.892
0.658 1.063 1.053 1.041 1.074 1.097 0.98 0.816 0.914 0.991 1.093 1.033 0.925 1.313 0.7 0.921
0.775 1.063 1.053 1.041 1.074 1.097 0.98 0.816 0.914 0.991 1.093 1.033 0.925 1.313 0.7 1.331
1.213 1.063 1.053 1.041 1.074 1.097 0.98 0.816 0.914 0.991 1.093 1.033 0.925 1.313 0.7 1.006
1.167 1.063 1.053 1.041 1.074 1.097 0.98 0.816 0.914 0.991 1.093 1.033 0.925 1.313 0.7 0.808
0.742 1.063 1.053 1.041 1.074 1.097 0.98 0.816 0.914 0.991 1.093 1.033 0.925 1.313 0.7 0.605
0.846 1.063 1.053 1.041 1.074 1.097 0.98 0.816 0.914 0.991 1.093 1.033 0.925 1.313 0.7 0.888
0.848 1.063 1.053 1.041 1.074 1.097 0.98 0.816 0.914 0.991 1.093 1.033 0.925 1.313 0.7 1.071
1.247 1.063 1.053 1.041 1.074 1.097 0.98 0.816 0.914 0.991 1.093 1.033 0.925 1.313 0.7 1.011
0.817 1.063 1.053 1.041 1.074 1.097 0.98 0.816 0.914 0.991 1.093 1.033 0.925 1.313 0.7 1.179
1.093 1.063 1.053 1.041 1.074 1.097 0.98 0.816 0.914 0.991 1.093 1.033 0.925 1.313 0.7 1.308
0.989 1.063 1.053 1.041 1.074 1.097 0.98 0.816 0.914 0.991 1.093 1.033 0.925 1.313 0.7 0.856
0.813 1.063 1.053 1.041 1.074 1.097 0.98 0.816 0.914 0.991 1.093 1.033 0.925 1.313 0.7 0.812
1.29 1.063 1.053 1.041 1.074 1.097 0.98 0.816 0.914 0.991 1.093 1.033 0.925 1.313 0.7 1.195
1.033 1.063 1.053 1.041 1.074 1.097 0.98 0.816 0.914 0.991 1.093 1.033 0.925 1.313 0.7 0.826
1.231 1.063 1.053 1.041 1.074 1.097 0.98 0.816 0.914 0.991 1.093 1.033 0.925 1.313 0.7 0.929
0.886 1.063 1.053 1.041 1.074 1.097 0.98 0.816 0.914 0.991 1.093 1.033 0.925 1.313 0.7 1.228
0.968 1.063 1.053 1.041 1.074 1.097 0.98 0.816 0.914 0.991 1.093 1.033 0.925 1.313 0.7 0.956
1.144 1.063 1.053 1.041 1.074 1.097 0.98 0.816 0.914 0.991 1.093 1.033 0.925 1.313 0.7 1.159
0.773 1.063 1.053 1.041 1.074 1.097 0.98 0.816 0.914 0.991 1.093 1.033 0.925 1.313 0.7 0.517
1.186 1.063 1.053 1.041 1.074 1.097 0.98 0.816 0.914 0.991 1.093 1.033 0.925 1.313 0.7 1.151
1.294 1.063 1.053 1.041 1.074 1.097 0.98 0.816 0.914 0.991 1.093 1.033 0.925 1.313 0.7 0.564
1.1 1.063 1.053 1.041 1.074 1.097 0.98 0.816 0.914 0.991 1.093 1.033 0.925 1.313 0.7 1.041
0.862 1.063 1.053 1.041 1.074 1.097 0.98 0.816 0.914 0.991 1.093 1.033 0.925 1.313 0.7 0.908
0.569 1.063 1.053 1.041 1.074 1.097 0.98 0.816 0.914 0.991 1.093 1.033 0.925 1.313 0.7 0.54
0.874 1.063 1.053 1.041 1.074 1.097 0.98 0.816 0.914 0.991 1.093 1.033 0.925 1.313 0.7 1.121
1.059 1.063 1.053 1.041 1.074 1.097 0.98 0.816 0.914 0.991 1.093 1.033 0.925 1.313 0.7 0.836
1.007 1.063 1.053 1.041 1.074 1.097 0.98 0.816 0.914 0.991 1.093 1.033 0.925 1.313 0.7 0.867
0.725 1.063 1.053 1.041 1.074 1.097 0.98 0.816 0.914 0.991 1.093 1.033 0.925 1.313 0.7 0.947
1.1 1.063 1.053 1.041 1.074 1.097 0.98 0.816 0.914 0.991 1.093 1.033 0.925 1.313 0.7 1.371
0.898 1.063 1.053 1.041 1.074 1.097 0.98 0.816 0.914 0.991 1.093 1.033 0.925 1.313 0.7 0.64
1.007 1.063 1.053 1.041 1.074 1.097 0.98 0.816 0.914 0.991 1.093 1.033 0.925 1.313 0.7 0.952
1.081 1.063 1.053 1.041 1.074 1.097 0.98 0.816 0.914 0.991 1.093 1.033 0.925 1.313 0.7 0.852
1.006 1.063 1.053 1.041 1.074 1.097 0.98 0.816 0.914 0.991 1.093 1.033 0.925 1.313 0.7 1.29
1.471 1.063 1.053 1.041 1.074 1.097 0.98 0.816 0.914 0.991 1.093 1.033 0.925 1.313 0.7 0.77
1.581 1.063 1.053 1.041 1.074 1.097 0.98 0.816 0.914 0.991 1.093 1.033 0.925 1.313 0.7 1.222
0.482 1.063 1.053 1.041 1.074 1.097 0.98 0.816 0.914 0.991 1.093 1.033 0.925 1.313 0.7 0.691
1.591 1.063 1.053 1.041 1.074 1.097 0.98 0.816 0.914 0.991 1.093 1.033 0.925 1.313 0.7 0.985
1.274 1.063 1.053 1.041 1.074 1.097 0.98 0.816 0.914 0.991 1.093 1.033 0.925 1.313 0.7 0.864
0.459 1.063 1.053 1.041 1.074 1.097 0.98 0.816 0.914 0.991 1.093 1.033 0.925 1.313 0.7 0.639
0.945 1.063 1.053 1.041 1.074 1.097 0.98 0.816 0.914 0.991 1.093 1.033 0.925 1.313 0.7 0.674
0.866 1.063 1.053 1.041 1.074 1.097 0.98 0.816 0.914 0.991 1.093 1.033 0.925 1.313 0.7 1.073
1.234 1.063 1.053 1.041 1.074 1.097 0.98 0.816 0.914 0.991 1.093 1.033 0.925 1.313 0.7 0.842
1.156 1.063 1.053 1.041 1.074 1.097 0.98 0.816 0.914 0.991 1.093 1.033 0.925 1.313 0.7 0.899
0.773 1.063 1.053 1.041 1.074 1.097 0.98 0.816 0.914 0.991 1.093 1.033 0.925 1.313 0.7 0.771
1.498 1.063 1.053 1.041 1.074 1.097 0.98 0.816 0.914 0.991 1.093 1.033 0.925 1.313 0.7 1.01
1.12 1.063 1.053 1.041 1.074 1.097 0.98 0.816 0.914 0.991 1.093 1.033 0.925 1.313 0.7 1.057
0.835 1.063 1.053 1.041 1.074 1.097 0.98 0.816 0.914 0.991 1.093 1.033 0.925 1.313 0.7 0.873
0.669 1.063 1.053 1.041 1.074 1.097 0.98 0.816 0.914 0.991 1.093 1.033 0.925 1.313 0.7 1.039
1.163 1.063 1.053 1.041 1.074 1.097 0.98 0.816 0.914 0.991 1.093 1.033 0.925 1.313 0.7 0.76
0.99 1.063 1.053 1.041 1.074 1.097 0.98 0.816 0.914 0.991 1.093 1.033 0.925 1.313 0.7 1.097
1.368 1.063 1.053 1.041 1.074 1.097 0.98 0.816 0.914 0.991 1.093 1.033 0.925 1.313 0.7 0.742
1.064 1.063 1.053 1.041 1.074 1.097 0.98 0.816 0.914 0.991 1.093 1.033 0.925 1.313 0.7 0.502
1.192 1.063 1.053 1.041 1.074 1.097 0.98 0.816 0.914 0.991 1.093 1.033 0.925 1.313 0.7 0.806
1.251 1.063 1.053 1.041 1.074 1.097 0.98 0.816 0.914 0.991 1.093 1.033 0.925 1.313 0.7 1.031
1.463 1.063 1.053 1.041 1.074 1.097 0.98 0.816 0.914 0.991 1.093 1.033 0.925 1.313 0.7 1.351
0.883 1.063 1.053 1.041 1.074 1.097 0.98 0.816 0.914 0.991 1.093 1.033 0.925 1.313 0.7 0.979
1.379 1.063 1.053 1.041 1.074 1.097 0.98 0.816 0.914 0.991 1.093 1.033 0.925 1.313 0.7 1.26
1.333 1.063 1.053 1.041 1.074 1.097 0.98 0.816 0.914 0.991 1.093 1.033 0.925 1.313 0.7 1.287
0.94 1.063 1.053 1.041 1.074 1.097 0.98 0.816 0.914 0.991 1.093 1.033 0.925 1.313 0.7 1.245
0.495 1.063 1.053 1.041 1.074 1.097 0.98 0.816 0.914 0.991 1.093 1.033 0.925 1.313 0.7 0.63
0.852 1.063 1.053 1.041 1.074 1.097 0.98 0.816 0.914 0.991 1.093 1.033 0.925 1.313 0.7 1.096
0.802 1.063 1.053 1.041 1.074 1.097 0.98 0.816 0.914 0.991 1.093 1.033 0.925 1.313 0.7 0.55
1.136 1.063 1.053 1.041 1.074 1.097 0.98 0.816 0.914 0.991 1.093 1.033 0.925 1.313 0.7 1.216
0.812 1.063 1.053 1.041 1.074 1.097 0.98 0.816 0.914 0.991 1.093 1.033 0.925 1.313 0.7 0.77
1.102 1.063 1.053 1.041 1.074 1.097 0.98 0.816 0.914 0.991 1.093 1.033 0.925 1.313 0.7 0.823
0.69 1.063 1.053 1.041 1.074 1.097 0.98 0.816 0.914 0.991 1.093 1.033 0.925 1.313 0.7 1.069
1.117 1.063 1.053 1.041 1.074 1.097 0.98 0.816 0.914 0.991 1.093 1.033 0.925 1.313 0.7 0.664
0.973 1.063 1.053 1.041 1.074 1.097 0.98 0.816 0.914 0.991 1.093 1.033 0.925 1.313 0.7 0.815
0.955 1.063 1.053 1.041 1.074 1.097 0.98 0.816 0.914 0.991 1.093 1.033 0.925 1.313 0.7 0.887
1.032 1.063 1.053 1.041 1.074 1.097 0.98 0.816 0.914 0.991 1.093 1.033 0.925 1.313 0.7 1.417
1.251 1.063 1.053 1.041 1.074 1.097 0.98 0.816 0.914 0.991 1.093 1.033 0.925 1.313 0.7 0.831
1.227 1.063 1.053 1.041 1.074 1.097 0.98 0.816 0.914 0.991 1.093 1.033 0.925 1.313 0.7 0.914
1.206 1.063 1.053 1.041 1.074 1.097 0.98 0.816 0.914 0.991 1.093 1.033 0.925 1.313 0.7 0.692
0.667 1.063 1.053 1.041 1.074 1.097 0.98 0.816 0.914 0.991 1.093 1.033 0.925 1.313 0.7 0.983
1.414 1.063 1.053 1.041 1.074 1.097 0.98 0.816 0.914 0.991 1.093 1.033 0.925 1.313 0.7 1.167
1.09 1.063 1.053 1.041 1.074 1.097 0.98 0.816 0.914 0.991 1.093 1.033 0.925 1.313 0.7 0.628
1.113 1.063 1.053 1.041 1.074 1.097 0.98 0.816 0.914 0.991 1.093 1.033 0.925 1.313 0.7 1.014
1.049 1.063 1.053 1.041 1.074 1.097 0.98 0.816 0.914 0.991 1.093 1.033 0.925 1.313 0.7 0.764
1.091 1.063 1.053 1.041 1.074 1.097 0.98 0.816 0.914 0.991 1.093 1.033 0.925 1.313 0.7 0.672
0.848 1.063 1.053 1.041 1.074 1.097 0.98 0.816 0.914 0.991 1.093 1.033 0.925 1.313 0.7 0.85
1.202 1.063 1.053 1.041 1.074 1.097 0.98 0.816 0.914 0.991 1.093 1.033 0.925 1.313 0.7 1.109
1.168 1.063 1.053 1.041 1.074 1.097 0.98 0.816 0.914 0.991 1.093 1.033 0.925 1.313 0.7 1.107
0.954 1.063 1.053 1.041 1.074 1.097 0.98 0.816 0.914 0.991 1.093 1.033 0.925 1.313 0.7 1.217
0.716 1.063 1.053 1.041 1.074 1.097 0.98 0.816 0.914 0.991 1.093 1.033 0.925 1.313 0.7 0.978
1.213 1.063 1.053 1.041 1.074 1.097 0.98 0.816 0.914 0.991 1.093 1.033 0.925 1.313 0.7 0.9
1.31 1.063 1.053 1.041 1.074 1.097 0.98 0.816 0.914 0.991 1.093 1.033 0.925 1.313 0.7 0.791
0.871 1.063 1.053 1.041 1.074 1.097 0.98 0.816 0.914 0.991 1.093 1.033 0.925 1.313 0.7 0.567
1.517 1.063 1.053 1.041 1.074 1.097 0.98 0.816 0.914 0.991 1.093 1.033 0.925 1.313 0.7 1.367
1.09 1.063 1.053 1.041 1.074 1.097 0.98 0.816 0.914 0.991 1.093 1.033 0.925 1.313 0.7 0.852
1.032 1.063 1.053 1.041 1.074 1.097 0.98 0.816 0.914 0.991 1.093 1.033 0.925 1.313 0.7 0.999
1.191 1.063 1.053 1.041 1.074 1.097 0.98 0.816 0.914 0.991 1.093 1.033 0.925 1.313 0.7 0.985
1.346 1.063 1.053 1.041 1.074 1.097 0.98 0.816 0.914 0.991 1.093 1.033 0.925 1.313 0.7 1.113
1.419 1.063 1.053 1.041 1.074 1.097 0.98 0.816 0.914 0.991 1.093 1.033 0.925 1.313 0.7 0.618
1.339 1.063 1.053 1.041 1.074 1.097 0.98 0.816 0.914 0.991 1.093 1.033 0.925 1.313 0.7 0.832
0.781 1.063 1.053 1.041 1.074 1.097 0.98 0.816 0.914 0.991 1.093 1.033 0.925 1.313 0.7 0.757
1.373 1.063 1.053 1.041 1.074 1.097 0.98 0.816 0.914 0.991 1.093 1.033 0.925 1.313 0.7 0.954
0.981 1.063 1.053 1.041 1.074 1.097 0.98 0.816 0.914 0.991 1.093 1.033 0.925 1.313 0.7 0.427
1.006 1.063 1.053 1.041 1.074 1.097 0.98 0.816 0.914 0.991 1.093 1.033 0.925 1.313 0.7 0.796
0.766 1.063 1.053 1.041 1.074 1.097 0.98 0.816 0.914 0.991 1.093 1.033 0.925 1.313 0.7 1.325
1.009 1.063 1.053 1.041 1.074 1.097 0.98 0.816 0.914 0.991 1.093 1.033 0.925 1.313 0.7 0.907
1.232 1.063 1.053 1.041 1.074 1.097 0.98 0.816 0.914 0.991 1.093 1.033 0.925 1.313 0.7 1.063
0.678 1.063 1.053 1.041 1.074 1.097 0.98 0.816 0.914 0.991 1.093 1.033 0.925 1.313 0.7 0.931
0.761 1.063 1.053 1.041 1.074 1.097 0.98 0.816 0.914 0.991 1.093 1.033 0.925 1.313 0.7 0.939
1.07 1.063 1.053 1.041 1.074 1.097 0.98 0.816 0.914 0.991 1.093 1.033 0.925 1.313 0.7 0.995
1.316 1.063 1.053 1.041 1.074 1.097 0.98 0.816 0.914 0.991 1.093 1.033 0.925 1.313 0.7 1.142
1.202 1.063 1.053 1.041 1.074 1.097 0.98 0.816 0.914 0.991 1.093 1.033 0.925 1.313 0.7 1.166
1.023 1.063 1.053 1.041 1.074 1.097 0.98 0.816 0.914 0.991 1.093 1.033 0.925 1.313 0.7 1.04
0.978 1.063 1.053 1.041 1.074 1.097 0.98 0.816 0.914 0.991 1.093 1.033 0.925 1.313 0.7 1.297
1.312 1.063 1.053 1.041 1.074 1.097 0.98 0.816 0.914 0.991 1.093 1.033 0.925 1.313 0.7 0.928
0.734 1.063 1.053 1.041 1.074 1.097 0.98 0.816 0.914 0.991 1.093 1.033 0.925 1.313 0.7 0.753
1.256 1.063 1.053 1.041 1.074 1.097 0.98 0.816 0.914 0.991 1.093 1.033 0.925 1.313 0.7 0.868
0.859 1.063 1.053 1.041 1.074 1.097 0.98 0.816 0.914 0.991 1.093 1.033 0.925 1.313 0.7 0.474
1.038 1.063 1.053 1.041 1.074 1.097 0.98 0.816 0.914 0.991 1.093 1.033 0.925 1.313 0.7 0.929
0.827 1.063 1.053 1.041 1.074 1.097 0.98 0.816 0.914 0.991 1.093 1.033 0.925 1.313 0.7 1.023
0.894 1.063 1.053 1.041 1.074 1.097 0.98 0.816 0.914 0.991 1.093 1.033 0.925 1.313 0.7 1.194
1.434 1.063 1.053 1.041 1.074 1.097 0.98 0.816 0.914 0.991 1.093 1.033 0.925 1.313 0.7 1.117
1.064 1.063 1.053 1.041 1.074 1.097 0.98 0.816 0.914 0.991 1.093 1.033 0.925 1.313 0.7 0.816
0.833 1.063 1.053 1.041 1.074 1.097 0.98 0.816 0.914 0.991 1.093 1.033 0.925 1.313 0.7 0.968
0.943 1.063 1.053 1.041 1.074 1.097 0.98 0.816 0.914 0.991 1.093 1.033 0.925 1.313 0.7 0.656
0.762 1.063 1.053 1.041 1.074 1.097 0.98 0.816 0.914 0.991 1.093 1.033 0.925 1.313 0.7 0.941
0.841 1.063 1.053 1.041 1.074 1.097 0.98 0.816 0.914 0.991 1.093 1.033 0.925 1.313 0.7 1.008
1.317 1.063 1.053 1.041 1.074 1.097 0.98 0.816 0.914 0.991 1.093 1.033 0.925 1.313 0.7 1.167
1.053 1.063 1.053 1.041 1.074 1.097 0.98 0.816 0.914 0.991 1.093 1.033 0.925 1.313 0.7 1.022
1.075 1.063 1.053 1.041 1.074 1.097 0.98 0.816 0.914 0.991 1.093 1.033 0.925 1.313 0.7 0.746
0.548 1.063 1.053 1.041 1.074 1.097 0.98 0.816 0.914 0.991 1.093 1.033 0.925 1.313 0.7 0.76
0.754 1.063 1.053 1.041 1.074 1.097 0.98 0.816 0.914 0.991 1.093 1.033 0.925 1.313 0.7 0.569
1.209 1.063 1.053 1.041 1.074 1.097 0.98 0.816 0.914 0.991 1.093 1.033 0.925 1.313 0.7 0.532
1.262 1.063 1.053 1.041 1.074 1.097 0.98 0.816 0.914 0.991 1.093 1.033 0.925 1.313 0.7 1.077
0.944 1.063 1.053 1.041 1.074 1.097 0.98 0.816 0.914 0.991 1.093 1.033 0.925 1.313 0.7 0.894
1.46 1.063 1.053 1.041 1.074 1.097 0.98 0.816 0.914 0.991 1.093 1.033 0.925 1.313 0.7 1.008
0.643 1.063 1.053 1.041 1.074 1.097 0.98 0.816 0.914 0.991 1.093 1.033 0.925 1.313 0.7 1.165
0.925 1.063 1.053 1.041 1.074 1.097 0.98 0.816 0.914 0.991 1.093 1.033 0.925 1.313 0.7 1.242
1.28 1.063 1.053 1.041 1.074 1.097 0.98 0.816 0.914 0.991 1.093 1.033 0.925 1.313 0.7 1.096
1.237 1.063 1.053 1.041 1.074 1.097 0.98 0.816 0.914 0.991 1.093 1.033 0.925 1.313 0.7 0.905
0.718 1.063 1.053 1.041 1.074 1.097 0.98 0.816 0.914 0.991 1.093 1.033 0.925 1.313 0.7 0.987
1.377 1.063 1.053 1.041 1.074 1.097 0.98 0.816 0.914 0.991 1.093 1.033 0.925 1.313 0.7 1.308
1.29 1.063 1.053 1.041 1.074 1.097 0.98 0.816 0.914 0.991 1.093 1.033 0.925 1.313 0.7 1.029
0.924 1.063 1.053 1.041 1.074 1.097 0.98 0.816 0.914 0.991 1.093 1.033 0.925 1.313 0.7 1.264
1.251 1.063 1.053 1.041 1.074 1.097 0.98 0.816 0.914 0.991 1.093 1.033 0.925 1.313 0.7 1.183
1.146 1.063 1.053 1.041 1.074 1.097 0.98 0.816 0.914 0.991 1.093 1.033 0.925 1.313 0.7 0.771
1.429 1.063 1.053 1.041 1.074 1.097 0.98 0.816 0.914 0.991 1.093 1.033 0.925 1.313 0.7 1.213
0.995 1.063 1.053 1.041 1.074 1.097 0.98 0.816 0.914 0.991 1.093 1.033 0.925 1.313 0.7 1.266
0.668 1.063 1.053 1.041 1.074 1.097 0.98 0.816 0.914 0.991 1.093 1.033 0.925 1.313 0.7 0.804
1.558 1.063 1.053 1.041 1.074 1.097 0.98 0.816 0.914 0.991 1.093 1.033 0.925 1.313 0.7 1.085
0.798 1.063 1.053 1.041 1.074 1.097 0.98 0.816 0.914 0.991 1.093 1.033 0.925 1.313 0.7 0.995
0.812 1.063 1.053 1.041 1.074 1.097 0.98 0.816 0.914 0.991 1.093 1.033 0.925 1.313 0.7 0.702
0.897 1.063 1.053 1.041 1.074 1.097 0.98 0.816 0.914 0.991 1.093 1.033 0.925 1.313 0.7 0.743
1.046 1.063 1.053 1.041 1.074 1.097 0.98 0.816 0.914 0.991 1.093 1.033 0.925 1.313 0.7 0.949
0.856 1.063 1.053 1.041 1.074 1.097 0.98 0.816 0.914 0.991 1.093 1.033 0.925 1.313 0.7 1.417
0.8 1.063 1.053 1.041 1.074 1.097 0.98 0.816 0.914 0.991 1.093 1.033 0.925 1.313 0.7 0.802
1.035 1.063 1.053 1.041 1.074 1.097 0.98 0.816 0.914 0.991 1.093 1.033 0.925 1.313 0.7 1.247
0.931 1.063 1.053 1.041 1.074 1.097 0.98 0.816 0.914 0.991 1.093 1.033 0.925 1.313 0.7 0.72
1.063 1.063 1.053 1.041 1.074 1.097 0.98 0.816 0.914 0.991 1.093 1.033 0.925 1.313 0.7 1.033
1.275 1.063 1.053 1.041 1.074 1.097 0.98 0.816 0.914 0.991 1.093 1.033 0.925 1.313 0.7 1.257
1.152 1.063 1.053 1.041 1.074 1.097 0.98 0.816 0.914 0.991 1.093 1.033 0.925 1.313 0.7 0.908
0.844 1.063 1.053 1.041 1.074 1.097 0.98 0.816 0.914 0.991 1.093 1.033 0.925 1.313 0.7 1.09
1.48 1.063 1.053 1.041 1.074 1.097 0.98 0.816 0.914 0.991 1.093 1.033 0.925 1.313 0.7 1.134
1.246 1.063 1.053 1.041 1.074 1.097 0.98 0.816 0.914 0.991 1.093 1.033 0.925 1.313 0.7 0.897
1.071 1.063 1.053 1.041 1.074 1.097 0.98 0.816 0.914 0.991 1.093 1.033 0.925 1.313 0.7 1.269
1.133 1.063 1.053 1.041 1.074 1.097 0.98 0.816 0.914 0.991 1.093 1.033 0.925 1.313 0.7 1.187
1.219 1.063 1.053 1.041 1.074 1.097 0.98 0.816 0.914 0.991 1.093 1.033 0.925 1.313 0.7 0.905
1.145 1.063 1.053 1.041 1.074 1.097 0.98 0.816 0.914 0.991 1.093 1.033 0.925 1.313 0.7 0.758
0.83 1.063 1.053 1.041 1.074 1.097 0.98 0.816 0.914 0.991 1.093 1.033 0.925 1.313 0.7 0.674
1.289 1.063 1.053 1.041 1.074 1.097 0.98 0.816 0.914 0.991 1.093 1.033 0.925 1.313 0.7 1.029
1.096 1.063 1.053 1.041 1.074 1.097 0.98 0.816 0.914 0.991 1.093 1.033 0.925 1.313 0.7 1.016
1.204 1.063 1.053 1.041 1.074 1.097 0.98 0.816 0.914 0.991 1.093 1.033 0.925 1.313 0.7 0.971
0.849 1.063 1.053 1.041 1.074 1.097 0.98 0.816 0.914 0.991 1.093 1.033 0.925 1.313 0.7 0.956
1.125 1.063 1.053 1.041 1.074 1.097 0.98 0.816 0.914 0.991 1.093 1.033 0.925 1.313 0.7 0.839
1.531 1.063 1.053 1.041 1.074 1.097 0.98 0.816 0.914 0.991 1.093 1.033 0.925 1.313 0.7 0.9
1.092 1.063 1.053 1.041 1.074 1.097 0.98 0.816 0.914 0.991 1.093 1.033 0.925 1.313 0.7 0.61
0.757 1.063 1.053 1.041 1.074 1.097 0.98 0.816 0.914 0.991 1.093 1.033 0.925 1.313 0.7 0.815
1.107 1.063 1.053 1.041 1.074 1.097 0.98 0.816 0.914 0.991 1.093 1.033 0.925 1.313 0.7 1.075
0.985 1.063 1.053 1.041 1.074 1.097 0.98 0.816 0.914 0.991 1.093 1.033 0.925 1.313 0.7 1.153
0.937 1.063 1.053 1.041 1.074 1.097 0.98 0.816 0.914 0.991 1.093 1.033 0.925 1.313 0.7 1.067
0.894 1.063 1.053 1.041 1.074 1.097 0.98 0.816 0.914 0.991 1.093 1.033 0.925 1.313 0.7 0.908
0.879 1.063 1.053 1.041 1.074 1.097 0.98 0.816 0.914 0.991 1.093 1.033 0.925 1.313 0.7 0.894
0.835 1.063 1.053 1.041 1.074 1.097 0.98 0.816 0.914 0.991 1.093 1.033 0.925 1.313 0.7 1.15
1.317 1.063 1.053 1.041 1.074 1.097 0.98 0.816 0.914 0.991 1.093 1.033 0.925 1.313 0.7 1.072
1.23 1.063 1.053 1.041 1.074 1.097 0.98 0.816 0.914 0.991 1.093 1.033 0.925 1.313 0.7 0.923
0.918 1.063 1.053 1.041 1.074 1.097 0.98 0.816 0.914 0.991 1.093 1.033 0.925 1.313 0.7 1.192
0.54 1.063 1.053 1.041 1.074 1.097 0.98 0.816 0.914 0.991 1.093 1.033 0.925 1.313 0.7 0.503
0.945 1.063 1.053 1.041 1.074 1.097 0.98 0.816 0.914 0.991 1.093 1.033 0.925 1.313 0.7 0.891
0.77 1.063 1.053 1.041 1.074 1.097 0.98 0.816 0.914 0.991 1.093 1.033 0.925 1.313 0.7 1.251
0.895 1.063 1.053 1.041 1.074 1.097 0.98 0.816 0.914 0.991 1.093 1.033 0.925 1.313 0.7 0.977
0.898 1.063 1.053 1.041 1.074 1.097 0.98 0.816 0.914 0.991 1.093 1.033 0.925 1.313 0.7 0.642
1.069 1.063 1.053 1.041 1.074 1.097 0.98 0.816 0.914 0.991 1.093 1.033 0.925 1.313 0.7 0.91
1.169 1.063 1.053 1.041 1.074 1.097 0.98 0.816 0.914 0.991 1.093 1.033 0.925 1.313 0.7 0.841
1.379 1.063 1.053 1.041 1.074 1.097 0.98 0.816 0.914 0.991 1.093 1.033 0.925 1.313 0.7 0.782
1.488 1.063 1.053 1.041 1.074 1.097 0.98 0.816 0.914 0.991 1.093 1.033 0.925 1.313 0.7 1.042
1.033 1.063 1.053 1.041 1.074 1.097 0.98 0.816 0.914 0.991 1.093 1.033 0.925 1.313 0.7 0.843
1.264 1.063 1.053 1.041 1.074 1.097 0.98 0.816 0.914 0.991 1.093 1.033 0.925 1.313 0.7 0.81
1.039 1.063 1.053 1.041 1.074 1.097 0.98 0.816 0.914 0.991 1.093 1.033 0.925 1.313 0.7 0.991
0.872 1.063 1.053 1.041 1.074 1.097 0.98 0.816 0.914 0.991 1.093 1.033 0.925 1.313 0.7 1.13
1.002 1.063 1.053 1.041 1.074 1.097 0.98 0.816 0.914 0.991 1.093 1.033 0.925 1.313 0.7 0.748
0.836 1.063 1.053 1.041 1.074 1.097 0.98 0.816 0.914 0.991 1.093 1.033 0.925 1.313 0.7 0.82
0.728 1.063 1.053 1.041 1.074 1.097 0.98 0.816 0.914 0.991 1.093 1.033 0.925 1.313 0.7 1.094
0.641 1.063 1.053 1.041 1.074 1.097 0.98 0.816 0.914 0.991 1.093 1.033 0.925 1.313 0.7 0.902
0.83 1.063 1.053 1.041 1.074 1.097 0.98 0.816 0.914 0.991 1.093 1.033 0.925 1.313 0.7 0.73
0.887 1.063 1.053 1.041 1.074 1.097 0.98 0.816 0.914 0.991 1.093 1.033 0.925 1.313 0.7 0.996
0.81 1.063 1.053 1.041 1.074 1.097 0.98 0.816 0.914 0.991 1.093 1.033 0.925 1.313 0.7 1.052
0.913 1.063 1.053 1.041 1.074 1.097 0.98 0.816 0.914 0.991 1.093 1.033 0.925 1.313 0.7 1.263
1.166 1.063 1.053 1.041 1.074 1.097 0.98 0.816 0.914 0.991 1.093 1.033 0.925 1.313 0.7 1.068
1.224 1.063 1.053 1.041 1.074 1.097 0.98 0.816 0.914 0.991 1.093 1.033 0.925 1.313 0.7 1.285
1.086 1.063 1.053 1.041 1.074 1.097 0.98 0.816 0.914 0.991 1.093 1.033 0.925 1.313 0.7 1.049
0.937 1.063 1.053 1.041 1.074 1.097 0.98 0.816 0.914 0.991 1.093 1.033 0.925 1.313 0.7 0.616
1.351 1.063 1.053 1.041 1.074 1.097 0.98 0.816 0.914 0.991 1.093 1.033 0.925 1.313 0.7 1.131
1.053 1.063 1.053 1.041 1.074 1.097 0.98 0.816 0.914 0.991 1.093 1.033 0.925 1.313 0.7 1.007
1.148 1.063 1.053 1.041 1.074 1.097 0.98 0.816 0.914 0.991 1.093 1.033 0.925 1.313 0.7 1.187
0.866 1.063 1.053 1.041 1.074 1.097 0.98 0.816 0.914 0.991 1.093 1.033 0.925 1.313 0.7 1.015
1.199 1.063 1.053 1.041 1.074 1.097 0.98 0.816 0.914 0.991 1.093 1.033 0.925 1.313 0.7 0.447
1.023 1.063 1.053 1.041 1.074 1.097 0.98 0.816 0.914 0.991 1.093 1.033 0.925 1.313 0.7 0.808
1.229 1.063 1.053 1.041 1.074 1.097 0.98 0.816 0.914 0.991 1.093 1.033 0.925 1.313 0.7 0.86
1.065 1.063 1.053 1.041 1.074 1.097 0.98 0.816 0.914 0.991 1.093 1.033 0.925 1.313 0.7 1.135
1.082 1.063 1.053 1.041 1.074 1.097 0.98 0.816 0.914 0.991 1.093 1.033 0.925 1.313 0.7 0.824
0.477 1.063 1.053 1.041 1.074 1.097 0.98 0.816 0.914 0.991 1.093 1.033 0.925 1.313 0.7 0.587
1.057 1.063 1.053 1.041 1.074 1.097 0.98 0.816 0.914 0.991 1.093 1.033 0.925 1.313 0.7 1.052
0.697 1.063 1.053 1.041 1.074 1.097 0.98 0.816 0.914 0.991 1.093 1.033 0.925 1.313 0.7 0.786
1.021 1.063 1.053 1.041 1.074 1.097 0.98 0.816 0.914 0.991 1.093 1.033 0.925 1.313 0.7 1.348
1.257 1.063 1.053 1.041 1.074 1.097 0.98 0.816 0.914 0.991 1.093 1.033 0.925 1.313 0.7 1.322
1.333 1.063 1.053 1.041 1.074 1.097 0.98 0.816 0.914 0.991 1.093 1.033 0.925 1.313 0.7 1.159
0.869 1.063 1.053 1.041 1.074 1.097 0.98 0.816 0.914 0.991 1.093 1.033 0.925 1.313 0.7 1.238
1.156 1.063 1.053 1.041 1.074 1.097 0.98 0.816 0.914 0.991 1.093 1.033 0.925 1.313 0.7 0.85
0.858 1.063 1.053 1.041 1.074 1.097 0.98 0.816 0.914 0.991 1.093 1.033 0.925 1.313 0.7 1.036
1.337 1.063 1.053 1.041 1.074 1.097 0.98 0.816 0.914 0.991 1.093 1.033 0.925 1.313 0.7 0.956
0.878 1.063 1.053 1.041 1.074 1.097 0.98 0.816 0.914 0.991 1.093 1.033 0.925 1.313 0.7 0.744
0.915 1.063 1.053 1.041 1.074 1.097 0.98 0.816 0.914 0.991 1.093 1.033 0.925 1.313 0.7 0.688
0.752 1.063 1.053 1.041 1.074 1.097 0.98 0.816 0.914 0.991 1.093 1.033 0.925 1.313 0.7 1.15
0.695 1.063 1.053 1.041 1.074 1.097 0.98 0.816 0.914 0.991 1.093 1.033 0.925 1.313 0.7 1.217
0.444 1.063 1.053 1.041 1.074 1.097 0.98 0.816 0.914 0.991 1.093 1.033 0.925 1.313 0.7 0.461
1.258 1.063 1.053 1.041 1.074 1.097 0.98 0.816 0.914 0.991 1.093 1.033 0.925 1.313 0.7 0.504
1.189 1.063 1.053 1.041 1.074 1.097 0.98 0.816 0.914 0.991 1.093 1.033 0.925 1.313 0.7 1.009
0.718 1.063 1.053 1.041 1.074 1.097 0.98 0.816 0.914 0.991 1.093 1.033 0.925 1.313 0.7 1.051
0.54 1.063 1.053 1.041 1.074 1.097 0.98 0.816 0.914 0.991 1.093 1.033 0.925 1.313 0.7 0.983
1.133 1.063 1.053 1.041 1.074 1.097 0.98 0.816 0.914 0.991 1.093 1.033 0.925 1.313 0.7 0.867
0.986 1.063 1.053 1.041 1.074 1.097 0.98 0.816 0.914 0.991 1.093 1.033 0.925 1.313 0.7 1.353
1.561 1.063 1.053 1.041 1.074 1.097 0.98 0.816 0.914 0.991 1.093 1.033 0.925 1.313 0.7 0.968
0.961 1.063 1.053 1.041 1.074 1.097 0.98 0.816 0.914 0.991 1.093 1.033 0.925 1.313 0.7 0.773
0.737 1.063 1.053 1.041 1.074 1.097 0.98 0.816 0.914 0.991 1.093 1.033 0.925 1.313 0.7 1.244
0.873 1.063 1.053 1.041 1.074 1.097 0.98 0.816 0.914 0.991 1.093 1.033 0.925 1.313 0.7 0.969
1.185 1.063 1.053 1.041 1.074 1.097 0.98 0.816 0.914 0.991 1.093 1.033 0.925 1.313 0.7 0.436
1.045 1.063 1.053 1.041 1.074 1.097 0.98 0.816 0.914 0.991 1.093 1.033 0.925 1.313 0.7 0.854
0.679 1.063 1.053 1.041 1.074 1.097 0.98 0.816 0.914 0.991 1.093 1.033 0.925 1.313 0.7 0.82
0.799 1.063 1.053 1.041 1.074 1.097 0.98 0.816 0.914 0.991 1.093 1.033 0.925 1.313 0.7 1.078
1.405 1.063 1.053 1.041 1.074 1.097 0.98 0.816 0.914 0.991 1.093 1.033 0.925 1.313 0.7 1.12
0.834 1.063 1.053 1.041 1.074 1.097 0.98 0.816 0.914 0.991 1.093 1.033 0.925 1.313 0.7 0.983
1.22 1.063 1.053 1.041 1.074 1.097 0.98 0.816 0.914 0.991 1.093 1.033 0.925 1.313 0.7 0.863
1.033 1.063 1.053 1.041 1.074 1.097 0.98 0.816 0.914 0.991 1.093 1.033 0.925 1.313 0.7 0.637
1.133 1.063 1.053 1.041 1.074 1.097 0.98 0.816 0.914 0.991 1.093 1.033 0.925 1.313 0.7 0.776
0.894 1.063 1.053 1.041 1.074 1.097 0.98 0.816 0.914 0.991 1.093 1.033 0.925 1.313 0.7 1.055
0.894 1.063 1.053 1.041 1.074 1.097 0.98 0.816 0.914 0.991 1.093 1.033 0.925 1.313 0.7 0.82
0.757 1.063 1.053 1.041 1.074 1.097 0.98 0.816 0.914 0.991 1.093 1.033 0.925 1.313 0.7 1.237
1.163 1.063 1.053 1.041 1.074 1.097 0.98 0.816 0.914 0.991 1.093 1.033 0.925 1.313 0.7 0.764
1.161 1.063 1.053 1.041 1.074 1.097 0.98 0.816 0.914 0.991 1.093 1.033 0.925 1.313 0.7 1.202
0.77 1.063 1.053 1.041 1.074 1.097 0.98 0.816 0.914 0.991 1.093 1.033 0.925 1.313 0.7 1.181
1.187 1.063 1.053 1.041 1.074 1.097 0.98 0.816 0.914 0.991 1.093 1.033 0.925 1.313 0.7 0.513
0.895 1.063 1.053 1.041 1.074 1.097 0.98 0.816 0.914 0.991 1.093 1.033 0.925 1.313 0.7 1.245
1.629 1.063 1.053 1.041 1.074 1.097 0.98 0.816 0.914 0.991 1.093 1.033 0.925 1.313 0.7 0.673
0.924 1.063 1.053 1.041 1.074 1.097 0.98 0.816 0.914 0.991 1.093 1.033 0.925 1.313 0.7 0.672
1.313 1.063 1.053 1.041 1.074 1.097 0.98 0.816 0.914 0.991 1.093 1.033 0.925 1.313 0.7 1.019
0.791 1.063 1.053 1.041 1.074 1.097 0.98 0.816 0.914 0.991 1.093 1.033 0.925 1.313 0.7 1.179
0.887 1.063 1.053 1.041 1.074 1.097 0.98 0.816 0.914 0.991 1.093 1.033 0.925 1.313 0.7 0.85
0.782 1.063 1.053 1.041 1.074 1.097 0.98 0.816 0.914 0.991 1.093 1.033 0.925 1.313 0.7 0.96
1.219 1.063 1.053 1.041 1.074 1.097 0.98 0.816 0.914 0.991 1.093 1.033 0.925 1.313 0.7 1.047
1.331 1.063 1.053 1.041 1.074 1.097 0.98 0.816 0.914 0.991 1.093 1.033 0.925 1.313 0.7 1.116
0.789 1.063 1.053 1.041 1.074 1.097 0.98 0.816 0.914 0.991 1.093 1.033 0.925 1.313 0.7 0.951
1.518 1.063 1.053 1.041 1.074 1.097 0.98 0.816 0.914 0.991 1.093 1.033 0.925 1.313 0.7 0.465
0.822 1.063 1.053 1.041 1.074 1.097 0.98 0.816 0.914 0.991 1.093 1.033 0.925 1.313 0.7 0.941
0.91 1.063 1.053 1.041 1.074 1.097 0.98 0.816 0.914 0.991 1.093 1.033 0.925 1.313 0.7 1.004
0.746 1.063 1.053 1.041 1.074 1.097 0.98 0.816 0.914 0.991 1.093 1.033 0.925 1.313 0.7 0.842
1.186 1.063 1.053 1.041 1.074 1.097 0.98 0.816 0.914 0.991 1.093 1.033 0.925 1.313 0.7 0.503
1.038 1.063 1.053 1.041 1.074 1.097 0.98 0.816 0.914 0.991 1.093 1.033 0.925 1.313 0.7 0.561
1.206 1.063 1.053 1.041 1.074 1.097 0.98 0.816 0.914 0.991 1.093 1.033 0.925 1.313 0.7 0.41
1.155 1.063 1.053 1.041 1.074 1.097 0.98 0.816 0.914 0.991 1.093 1.033 0.925 1.313 0.7 0.942
0.781 1.063 1.053 1.041 1.074 1.097 0.98 0.816 0.914 0.991 1.093 1.033 0.925 1.313 0.7 0.78
0.889 1.063 1.053 1.041 1.074 1.097 0.98 0.816 0.914 0.991 1.093 1.033 0.925 1.313 0.7 0.9
0.72 1.063 1.053 1.041 1.074 1.097 0.98 0.816 0.914 0.991 1.093 1.033 0.925 1.313 0.7 0.825
0.887 1.063 1.053 1.041 1.074 1.097 0.98 0.816 0.914 0.991 1.093 1.033 0.925 1.313 0.7 0.836
1.242 1.063 1.053 1.041 1.074 1.097 0.98 0.816 0.914 0.991 1.093 1.033 0.925 1.313 0.7 0.794
1.328 1.063 1.053 1.041 1.074 1.097 0.98 0.816 0.914 0.991 1.093 1.033 0.925 1.313 0.7 1.124
0.986 1.063 1.053 1.041 1.074 1.097 0.98 0.816 0.914 0.991 1.093 1.033 0.925 1.313 0.7 1.123
1.349 1.063 1.053 1.041 1.074 1.097 0.98 0.816 0.914 0.991 1.093 1.033 0.925 1.313 0.7 1.309
1.043 1.063 1.053 1.041 1.074 1.097 0.98 0.816 0.914 0.991 1.093 1.033 0.925 1.313 0.7 1.07
0.763 1.063 1.053 1.041 1.074 1.097 0.98 0.816 0.914 0.991 1.093 1.033 0.925 1.313 0.7 0.613
1.119 1.063 1.053 1.041 1.074 1.097 0.98 0.816 0.914 0.991 1.093 1.033 0.925 1.313 0.7 0.904
1.058 1.063 1.053 1.041 1.074 1.097 0.98 0.816 0.914 0.991 1.093 1.033 0.925 1.313 0.7 1.101
1.068 1.063 1.053 1.041 1.074 1.097 0.98 0.816 0.914 0.991 1.093 1.033 0.925 1.313 0.7 1.098
0.835 1.063 1.053 1.041 1.074 1.097 0.98 0.816 0.914 0.991 1.093 1.033 0.925 1.313 0.7 0.73
1.41 1.063 1.053 1.041 1.074 1.097 0.98 0.816 0.914 0.991 1.093 1.033 0.925 1.313 0.7 1.068
0.709 1.063 1.053 1.041 1.074 1.097 0.98 0.816 0.914 0.991 1.093 1.033 0.925 1.313 0.7 0.704
1.186 1.063 1.053 1.041 1.074 1.097 0.98 0.816 0.914 0.991 1.093 1.033 0.925 1.313 0.7 0.799
1.23 1.063 1.053 1.041 1.074 1.097 0.98 0.816 0.914 0.991 1.093 1.033 0.925 1.313 0.7 0.641
0.736 1.063 1.053 1.041 1.074 1.097 0.98 0.816 0.914 0.991 1.093 1.033 0.925 1.313 0.7 1.225
1.242 1.063 1.053 1.041 1.074 1.097 0.98 0.816 0.914 0.991 1.093 1.033 0.925 1.313 0.7 0.632
1.261 1.063 1.053 1.041 1.074 1.097 0.98 0.816 0.914 0.991 1.093 1.033 0.925 1.313 0.7 0.952
1.074 1.063 1.053 1.041 1.074 1.097 0.98 0.816 0.914 0.991 1.093 1.033 0.925 1.313 0.7 1.067
1.235 1.063 1.053 1.041 1.074 1.097 0.98 0.816 0.914 0.991 1.093 1.033 0.925 1.313 0.7 1.134
0.674 1.063 1.053 1.041 1.074 1.097 0.98 0.816 0.914 0.991 1.093 1.033 0.925 1.313 0.7 0.765
1.035 1.063 1.053 1.041 1.074 1.097 0.98 0.816 0.914 0.991 1.093 1.033 0.925 1.313 0.7 0.77
1.123 1.063 1.053 1.041 1.074 1.097 0.98 0.816 0.914 0.991 1.093 1.033 0.925 1.313 0.7 0.724
0.728 1.063 1.053 1.041 1.074 1.097 0.98 0.816 0.914 0.991 1.093 1.033 0.925 1.313 0.7 0.726
1.022 1.063 1.053 1.041 1.074 1.097 0.98 0.816 0.914 0.991 1.093 1.033 0.925 1.313 0.7 0.934
1.116 1.063 1.053 1.041 1.074 1.097 0.98 0.816 0.914 0.991 1.093 1.033 0.925 1.313 0.7 1.241
0.648 1.063 1.053 1.041 1.074 1.097 0.98 0.816 0.914 0.991 1.093 1.033 0.925 1.313 0.7 0.71
1.009 1.063 1.053 1.041 1.074 1.097 0.98 0.816 0.914 0.991 1.093 1.033 0.925 1.313 0.7 1.196
1.141 1.063 1.053 1.041 1.074 1.097 0.98 0.816 0.914 0.991 1.093 1.033 0.925 1.313 0.7 0.824
0.961 1.063 1.053 1.041 1.074 1.097 0.98 0.816 0.914 0.991 1.093 1.033 0.925 1.313 0.7 1.245
1.538 1.063 1.053 1.041 1.074 1.097 0.98 0.816 0.914 0.991 1.093 1.033 0.925 1.313 0.7 1.272
1.036 1.063 1.053 1.041 1.074 1.097 0.98 0.816 0.914 0.991 1.093 1.033 0.925 1.313 0.7 0.842
1.253 1.063 1.053 1.041 1.074 1.097 0.98 0.816 0.914 0.991 1.093 1.033 0.925 1.313 0.7 0.942
0.333 1.063 1.053 1.041 1.074 1.097 0.98 0.816 0.914 0.991 1.093 1.033 0.925 1.313 0.7 0.646
1.078 1.063 1.053 1.041 1.074 1.097 0.98 0.816 0.914 0.991 1.093 1.033 0.925 1.313 0.7 0.96
0.982 1.063 1.053 1.041 1.074 1.097 0.98 0.816 0.914 0.991 1.093 1.033 0.925 1.313 0.7 1.097
1.102 1.063 1.053 1.041 1.074 1.097 0.98 0.816 0.914 0.991 1.093 1.033 0.925 1.313 0.7 1.147
1.103 1.063 1.053 1.041 1.074 1.097 0.98 0.816 0.914 0.991 1.093 1.033 0.925 1.313 0.7 0.801
1.5 1.063 1.053 1.041 1.074 1.097 0.98 0.816 0.914 0.991 1.093 1.033 0.925 1.313 0.7 1.206
1.348 1.063 1.053 1.041 1.074 1.097 0.98 0.816 0.914 0.991 1.093 1.033 0.925 1.313 0.7 0.992
1.361 1.063 1.053 1.041 1.074 1.097 0.98 0.816 0.914 0.991 1.093 1.033 0.925 1.313 0.7 0.66
1.342 1.063 1.053 1.041 1.074 1.097 0.98 0.816 0.914 0.991 1.093 1.033 0.925 1.313 0.7 0.889
1.147 1.063 1.053 1.041 1.074 1.097 0.98 0.816 0.914 0.991 1.093 1.033 0.925 1.313 0.7 1.279
1.183 1.063 1.053 1.041 1.074 1.097 0.98 0.816 0.914 0.991 1.093 1.033 0.925 1.313 0.7 1.052
0.83 1.063 1.053 1.041 1.074 1.097 0.98 0.816 0.914 0.991 1.093 1.033 0.925 1.313 0.7 1.252
1.053 1.063 1.053 1.041 1.074 1.097 0.98 0.816 0.914 0.991 1.093 1.033 0.925 1.313 0.7 1.281
0.802 1.063 1.053 1.041 1.074 1.097 0.98 0.816 0.914 0.991 1.093 1.033 0.925 1.313 0.7 0.674
1.295 1.063 1.053 1.041 1.074 1.097 0.98 0.816 0.914 0.991 1.093 1.033 0.925 1.313 0.7 1.114
1.285 1.063 1.053 1.041 1.074 1.097 0.98 0.816 0.914 0.991 1.093 1.033 0.925 1.313 0.7 1.1
1.258 1.063 1.053 1.041 1.074 1.097 0.98 0.816 0.914 0.991 1.093 1.033 0.925 1.313 0.7 0.855
0.804 1.063 1.053 1.041 1.074 1.097 0.98 0.816 0.914 0.991 1.093 1.033 0.925 1.313 0.7 0.728
1.276 1.063 1.053 1.041 1.074 1.097 0.98 0.816 0.914 0.991 1.093 1.033 0.925 1.313 0.7 0.906
0.894 1.063 1.053 1.041 1.074 1.097 0.98 0.816 0.914 0.991 1.093 1.033 0.925 1.313 0.7 1.191
1.265 1.063 1.053 1.041 1.074 1.097 0.98 0.816 0.914 0.991 1.093 1.033 0.925 1.313 0.7 0.938
0.675 1.063 1.053 1.041 1.074 1.097 0.98 0.816 0.914 0.991 1.093 1.033 0.925 1.313 0.7 0.677
1.095 1.063 1.053 1.041 1.074 1.097 0.98 0.816 0.914 0.991 1.093 1.033 0.925 1.313 0.7 1.182
1.405 1.063 1.053 1.041 1.074 1.097 0.98 0.816 0.914 0.991 1.093 1.033 0.925 1.313 0.7 1.071
1.19 1.063 1.053 1.041 1.074 1.097 0.98 0.816 0.914 0.991 1.093 1.033 0.925 1.313 0.7 0.738
1.145 1.063 1.053 1.041 1.074 1.097 0.98 0.816 0.914 0.991 1.093 1.033 0.925 1.313 0.7 1.192
0.952 1.063 1.053 1.041 1.074 1.097 0.98 0.816 0.914 0.991 1.093 1.033 0.925 1.313 0.7 1.132
0.825 1.063 1.053 1.041 1.074 1.097 0.98 0.816 0.914 0.991 1.093 1.033 0.925 1.313 0.7 1.334
0.901 1.063 1.053 1.041 1.074 1.097 0.98 0.816 0.914 0.991 1.093 1.033 0.925 1.313 0.7 0.631
1.137 1.063 1.053 1.041 1.074 1.097 0.98 0.816 0.914 0.991 1.093 1.033 0.925 1.313 0.7 1.275
0.746 1.063 1.053 1.041 1.074 1.097 0.98 0.816 0.914 0.991 1.093 1.033 0.925 1.313 0.7 1.351
1.05 1.063 1.053 1.041 1.074 1.097 0.98 0.816 0.914 0.991 1.093 1.033 0.925 1.313 0.7 0.94
1.025 1.063 1.053 1.041 1.074 1.097 0.98 0.816 0.914 0.991 1.093 1.033 0.925 1.313 0.7 1.044
0.713 1.063 1.053 1.041 1.074 1.097 0.98 0.816 0.914 0.991 1.093 1.033 0.925 1.313 0.7 1.249
1.46 1.063 1.053 1.041 1.074 1.097 0.98 0.816 0.914 0.991 1.093 1.033 0.925 1.313 0.7 0.824
1.106 1.063 1.053 1.041 1.074 1.097 0.98 0.816 0.914 0.991 1.093 1.033 0.925 1.313 0.7 0.933
1.621 1.063 1.053 1.041 1.074 1.097 0.98 0.816 0.914 0.991 1.093 1.033 0.925 1.313 0.7 0.807
1.546 1.063 1.053 1.041 1.074 1.097 0.98 0.816 0.914 0.991 1.093 1.033 0.925 1.313 0.7 1.195
0.753 1.063 1.053 1.041 1.074 1.097 0.98 0.816 0.914 0.991 1.093 1.033 0.925 1.313 0.7 0.63
1.257 1.063 1.053 1.041 1.074 1.097 0.98 0.816 0.914 0.991 1.093 1.033 0.925 1.313 0.7 1.114
0.609 1.063 1.053 1.041 1.074 1.097 0.98 0.816 0.914 0.991 1.093 1.033 0.925 1.313 0.7 0.66
0.916 1.063 1.053 1.041 1.074 1.097 0.98 0.816 0.914 0.991 1.093 1.033 0.925 1.313 0.7 0.993
0.886 1.063 1.053 1.041 1.074 1.097 0.98 0.816 0.914 0.991 1.093 1.033 0.925 1.313 0.7 1.019
0.684 1.063 1.053 1.041 1.074 1.097 0.98 0.816 0.914 0.991 1.093 1.033 0.925 1.313 0.7 1.183
1.111 1.063 1.053 1.041 1.074 1.097 0.98 0.816 0.914 0.991 1.093 1.033 0.925 1.313 0.7 0.693
1.166 1.063 1.053 1.041 1.074 1.097 0.98 0.816 0.914 0.991 1.093 1.033 0.925 1.313 0.7 0.933
1.08 1.063 1.053 1.041 1.074 1.097 0.98 0.816 0.914 0.991 1.093 1.033 0.925 1.313 0.7 0.94
1.085 1.063 1.053 1.041 1.074 1.097 0.98 0.816 0.914 0.991 1.093 1.033 0.925 1.313 0.7 1.13
0.828 1.063 1.053 1.041 1.074 1.097 0.98 0.816 0.914 0.991 1.093 1.033 0.925 1.313 0.7 1.106
0.626 1.063 1.053 1.041 1.074 1.097 0.98 0.816 0.914 0.991 1.093 1.033 0.925 1.313 0.7 1.207
1.078 1.063 1.053 1.041 1.074 1.097 0.98 0.816 0.914 0.991 1.093 1.033 0.925 1.313 0.7 0.844
1.12 1.063 1.053 1.041 1.074 1.097 0.98 0.816 0.914 0.991 1.093 1.033 0.925 1.313 0.7 1.223
0.831 1.063 1.053 1.041 1.074 1.097 0.98 0.816 0.914 0.991 1.093 1.033 0.925 1.313 0.7 0.709
0.734 1.063 1.053 1.041 1.074 1.097 0.98 0.816 0.914 0.991 1.093 1.033 0.925 1.313 0.7 1.141
1.115 1.063 1.053 1.041 1.074 1.097 0.98 0.816 0.914 0.991 1.093 1.033 0.925 1.313 0.7 1.107
0.73 1.063 1.053 1.041 1.074 1.097 0.98 0.816 0.914 0.991 1.093 1.033 0.925 1.313 0.7 0.57
1.472 1.063 1.053 1.041 1.074 1.097 0.98 0.816 0.914 0.991 1.093 1.033 0.925 1.313 0.7 1.37
0.959 1.063 1.053 1.041 1.074 1.097 0.98 0.816 0.914 0.991 1.093 1.033 0.925 1.313 0.7 0.774
0.931 1.063 1.053 1.041 1.074 1.097 0.98 0.816 0.914 0.991 1.093 1.033 0.925 1.313 0.7 0.578
1.327 1.063 1.053 1.041 1.074 1.097 0.98 0.816 0.914 0.991 1.093 1.033 0.925 1.313 0.7 1.004
0.7 1.063 1.053 1.041 1.074 1.097 0.98 0.816 0.914 0.991 1.093 1.033 0.925 1.313 0.7 0.913
0.735 1.063 1.053 1.041 1.074 1.097 0.98 0.816 0.914 0.991 1.093 1.033 0.925 1.313 0.7 1.091
0.577 1.063 1.053 1.041 1.074 1.097 0.98 0.816 0.914 0.991 1.093 1.033 0.925 1.313 0.7 0.64
0.788 1.063 1.053 1.041 1.074 1.097 0.98 0.816 0.914 0.991 1.093 1.033 0.925 1.313 0.7 0.877
1.23 1.063 1.053 1.041 1.074 1.097 0.98 0.816 0.914 0.991 1.093 1.033 0.925 1.313 0.7 0.801
1.286 1.063 1.053 1.041 1.074 1.097 0.98 0.816 0.914 0.991 1.093 1.033 0.925 1.313 0.7 0.676
1.009 1.063 1.053 1.041 1.074 1.097 0.98 0.816 0.914 0.991 1.093 1.033 0.925 1.313 0.7 0.754
1.365 1.063 1.053 1.041 1.074 1.097 0.98 0.816 0.914 0.991 1.093 1.033 0.925 1.313 0.7 0.898
0.658 1.063 1.053 1.041 1.074 1.097 0.98 0.816 0.914 0.991 1.093 1.033 0.925 1.313 0.7 0.94
1.129 1.063 1.053 1.041 1.074 1.097 0.98 0.816 0.914 0.991 1.093 1.033 0.925 1.313 0.7 0.913
0.777 1.063 1.053 1.041 1.074 1.097 0.98 0.816 0.914 0.991 1.093 1.033 0.925 1.313 0.7 0.985
1.172 1.063 1.053 1.041 1.074 1.097 0.98 0.816 0.914 0.991 1.093 1.033 0.925 1.313 0.7 1.121
1.658 1.063 1.053 1.041 1.074 1.097 0.98 0.816 0.914 0.991 1.093 1.033 0.925 1.313 0.7 1.394
1.411 1.063 1.053 1.041 1.074 1.097 0.98 0.816 0.914 0.991 1.093 1.033 0.925 1.313 0.7 0.791
1.511 1.063 1.053 1.041 1.074 1.097 0.98 0.816 0.914 0.991 1.093 1.033 0.925 1.313 0.7 0.639
0.967 1.063 1.053 1.041 1.074 1.097 0.98 0.816 0.914 0.991 1.093 1.033 0.925 1.313 0.7 0.655
0.872 1.063 1.053 1.041 1.074 1.097 0.98 0.816 0.914 0.991 1.093 1.033 0.925 1.313 0.7 1.062
0.955 1.063 1.053 1.041 1.074 1.097 0.98 0.816 0.914 0.991 1.093 1.033 0.925 1.313 0.7 0.852
1.129 1.063 1.053 1.041 1.074 1.097 0.98 0.816 0.914 0.991 1.093 1.033 0.925 1.313 0.7 0.912
1.302 1.063 1.053 1.041 1.074 1.097 0.98 0.816 0.914 0.991 1.093 1.033 0.925 1.313 0.7 1.069
0.676 1.063 1.053 1.041 1.074 1.097 0.98 0.816 0.914 0.991 1.093 1.033 0.925 1.313 0.7 0.832
1.181 1.063 1.053 1.041 1.074 1.097 0.98 0.816 0.914 0.991 1.093 1.033 0.925 1.313 0.7 0.89
0.8 1.063 1.053 1.041 1.074 1.097 0.98 0.816 0.914 0.991 1.093 1.033 0.925 1.313 0.7 0.944
0.982 1.063 1.053 1.041 1.074 1.097 0.98 0.816 0.914 0.991 1.093 1.033 0.925 1.313 0.7 0.545
1.206 1.063 1.053 1.041 1.074 1.097 0.98 0.816 0.914 0.991 1.093 1.033 0.925 1.313 0.7 1.111
0.946 1.063 1.053 1.041 1.074 1.097 0.98 0.816 0.914 0.991 1.093 1.033 0.925 1.313 0.7 0.649
0.921 1.063 1.053 1.041 1.074 1.097 0.98 0.816 0.914 0.991 1.093 1.033 0.925 1.313 0.7 0.477
1.291 1.063 1.053 1.041 1.074 1.097 0.98 0.816 0.914 0.991 1.093 1.033 0.925 1.313 0.7 1.04
0.838 1.063 1.053 1.041 1.074 1.097 0.98 0.816 0.914 0.991 1.093 1.033 0.925 1.313 0.7 1.051
0.752 1.063 1.053 1.041 1.074 1.097 0.98 0.816 0.914 0.991 1.093 1.033 0.925 1.313 0.7 0.678
1.153 1.063 1.053 1.041 1.074 1.097 0.98 0.816 0.914 0.991 1.093 1.033 0.925 1.313 0.7 0.925
1.308 1.063 1.053 1.041 1.074 1.097 0.98 0.816 0.914 0.991 1.093 1.033 0.925 1.313 0.7 0.856
0.675 1.063 1.053 1.041 1.074 1.097 0.98 0.816 0.914 0.991 1.093 1.033 0.925 1.313 0.7 0.897
0.785 1.063 1.053 1.041 1.074 1.097 0.98 0.816 0.914 0.991 1.093 1.033 0.925 1.313 0.7 0.881
1.296 1.063 1.053 1.041 1.074 1.097 0.98 0.816 0.914 0.991 1.093 1.033 0.925 1.313 0.7 0.969
0.834 1.063 1.053 1.041 1.074 1.097 0.98 0.816 0.914 0.991 1.093 1.033 0.925 1.313 0.7 1.103
1.211 1.063 1.053 1.041 1.074 1.097 0.98 0.816 0.914 0.991 1.093 1.033 0.925 1.313 0.7 0.836
0.754 1.063 1.053 1.041 1.074 1.097 0.98 0.816 0.914 0.991 1.093 1.033 0.925 1.313 0.7 1.208
1.176 1.063 1.053 1.041 1.074 1.097 0.98 0.816 0.914 0.991 1.093 1.033 0.925 1.313 0.7 0.81
1.289 1.063 1.053 1.041 1.074 1.097 0.98 0.816 0.914 0.991 1.093 1.033 0.925 1.313 0.7 1.164
1.262 1.063 1.053 1.041 1.074 1.097 0.98 0.816 0.914 0.991 1.093 1.033 0.925 1.313 0.7 1.249
1.257 1.063 1.053 1.041 1.074 1.097 0.98 0.816 0.914 0.991 1.093 1.033 0.925 1.313 0.7 1.039
0.993 1.063 1.053 1.041 1.074 1.097 0.98 0.816 0.914 0.991 1.093 1.033 0.925 1.313 0.7 0.715
1.262 1.063 1.053 1.041 1.074 1.097 0.98 0.816 0.914 0.991 1.093 1.033 0.925 1.313 0.7 0.775
1.178 1.063 1.053 1.041 1.074 1.097 0.98 0.816 0.914 0.991 1.093 1.033 0.925 1.313 0.7 1.195
0.844 1.063 1.053 1.041 1.074 1.097 0.98 0.816 0.914 0.991 1.093 1.033 0.925 1.313 0.7 1.26
0.968 1.063 1.053 1.041 1.074 1.097 0.98 0.816 0.914 0.991 1.093 1.033 0.925 1.313 0.7 1.083
0.899 1.063 1.053 1.041 1.074 1.097 0.98 0.816 0.914 0.991 1.093 1.033 0.925 1.313 0.7 0.989
0.594 1.063 1.053 1.041 1.074 1.097 0.98 0.816 0.914 0.991 1.093 1.033 0.925 1.313 0.7 0.508
0.959 1.063 1.053 1.041 1.074 1.097 0.98 0.816 0.914 0.991 1.093 1.033 0.925 1.313 0.7 1.051
1.215 1.063 1.053 1.041 1.074 1.097 0.98 0.816 0.914 0.991 1.093 1.033 0.925 1.313 0.7 0.693
1.163 1.063 1.053 1.041 1.074 1.097 0.98 0.816 0.914 0.991 1.093 1.033 0.925 1.313 0.7 0.8
1.16 1.063 1.053 1.041 1.074 1.097 0.98 0.816 0.914 0.991 1.093 1.033 0.925 1.313 0.7 0.891
0.917 1.063 1.053 1.041 1.074 1.097 0.98 0.816 0.914 0.991 1.093 1.033 0.925 1.313 0.7 0.95
1.039 1.063 1.053 1.041 1.074 1.097 0.98 0.816 0.914 0.991 1.093 1.033 0.925 1.313 0.7 0.861
0.52 1.063 1.053 1.041 1.074 1.097 0.98 0.816 0.914 0.991 1.093 1.033 0.925 1.313 0.7 0.795
1.34 1.063 1.053 1.041 1.074 1.097 0.98 0.816 0.914 0.991 1.093 1.033 0.925 1.313 0.7 0.858
1.313 1.063 1.053 1.041 1.074 1.097 0.98 0.816 0.914 0.991 1.093 1.033 0.925 1.313 0.7 0.828
0.582 1.063 1.053 1.041 1.074 1.097 0.98 0.816 0.914 0.991 1.093 1.033 0.925 1.313 0.7 1.126
0.798 1.063 1.053 1.041 1.074 1.097 0.98 0.816 0.914 0.991 1.093 1.033 0.925 1.313 0.7 0.789
1.035 1.063 1.053 1.041 1.074 1.097 0.98 0.816 0.914 0.991 1.093 1.033 0.925 1.313 0.7 1.039
1.138 1.063 1.053 1.041 1.074 1.097 0.98 0.816 0.914 0.991 1.093 1.033 0.925 1.313 0.7 0.983
1.262 1.063 1.053 1.041 1.074 1.097 0.98 0.816 0.914 0.991 1.093 1.033 0.925 1.313 0.7 0.865
0.984 1.063 1.053 1.041 1.074 1.097 0.98 0.816 0.914 0.991 1.093 1.033 0.925 1.313 0.7 0.851
1.127 1.063 1.053 1.041 1.074 1.097 0.98 0.816 0.914 0.991 1.093 1.033 0.925 1.313 0.7 0.706
0.894 1.063 1.053 1.041 1.074 1.097 0.98 0.816 0.914 0.991 1.093 1.033 0.925 1.313 0.7 0.819
0.861 1.063 1.053 1.041 1.074 1.097 0.98 0.816 0.914 0.991 1.093 1.033 0.925 1.313 0.7 0.876
0.866 1.063 1.053 1.041 1.074 1.097 0.98 0.816 0.914 0.991 1.093 1.033 0.925 1.313 0.7 0.961
0.582 1.063 1.053 1.041 1.074 1.097 0.98 0.816 0.914 0.991 1.093 1.033 0.925 1.313 0.7 1.135
0.694 1.063 1.053 1.041 1.074 1.097 0.98 0.816 0.914 0.991 1.093 1.033 0.925 1.313 0.7 0.82
1.112 1.063 1.053 1.041 1.074 1.097 0.98 0.816 0.914 0.991 1.093 1.033 0.925 1.313 0.7 0.993
0.583 1.063 1.053 1.041 1.074 1.097 0.98 0.816 0.914 0.991 1.093 1.033 0.925 1.313 0.7 0.686
0.856 1.063 1.053 1.041 1.074 1.097 0.98 0.816 0.914 0.991 1.093 1.033 0.925 1.313 0.7 0.718
0.846 1.063 1.053 1.041 1.074 1.097 0.98 0.816 0.914 0.991 1.093 1.033 0.925 1.313 0.7 1.206
0.996 1.063 1.053 1.041 1.074 1.097 0.98 0.816 0.914 0.991 1.093 1.033 0.925 1.313 0.7 0.698
0.949 1.063 1.053 1.041 1.074 1.097 0.98 0.816 0.914 0.991 1.093 1.033 0.925 1.313 0.7 1.098
0.895 1.063 1.053 1.041 1.074 1.097 0.98 0.816 0.914 0.991 1.093 1.033 0.925 1.313 0.7 0.881
1.527 1.063 1.053 1.041 1.074 1.097 0.98 0.816 0.914 0.991 1.093 1.033 0.925 1.313 0.7 1.356
0.984 1.063 1.053 1.041 1.074 1.097 0.98 0.816 0.914 0.991 1.093 1.033 0.925 1.313 0.7 0.568
1.022 1.063 1.053 1.041 1.074 1.097 0.98 0.816 0.914 0.991 1.093 1.033 0.925 1.313 0.7 0.88
1.257 1.063 1.053 1.041 1.074 1.097 0.98 0.816 0.914 0.991 1.093 1.033 0.925 1.313 0.7 1.193
1.239 1.063 1.053 1.041 1.074 1.097 0.98 0.816 0.914 0.991 1.093 1.033 0.925 1.313 0.7 0.9
0.813 1.063 1.053 1.041 1.074 1.097 0.98 0.816 0.914 0.991 1.093 1.033 0.925 1.313 0.7 0.692
0.874 1.063 1.053 1.041 1.074 1.097 0.98 0.816 0.914 0.991 1.093 1.033 0.925 1.313 0.7 0.623
0.901 1.063 1.053 1.041 1.074 1.097 0.98 0.816 0.914 0.991 1.093 1.033 0.925 1.313 0.7 0.739
1.294 1.063 1.053 1.041 1.074 1.097 0.98 0.816 0.914 0.991 1.093 1.033 0.925 1.313 0.7 1.244
0.952 1.063 1.053 1.041 1.074 1.097 0.98 0.816 0.914 0.991 1.093 1.033 0.925 1.313 0.7 1.034
1.183 1.063 1.053 1.041 1.074 1.097 0.98 0.816 0.914 0.991 1.093 1.033 0.925 1.313 0.7 0.857
0.817 1.063 1.053 1.041 1.074 1.097 0.98 0.816 0.914 0.991 1.093 1.033 0.925 1.313 0.7 0.779
1.077 1.063 1.053 1.041 1.074 1.097 0.98 0.816 0.914 0.991 1.093 1.033 0.925 1.313 0.7 0.52
0.983 1.063 1.053 1.041 1.074 1.097 0.98 0.816 0.914 0.991 1.093 1.033 0.925 1.313 0.7 0.789
1.213 1.063 1.053 1.041 1.074 1.097 0.98 0.816 0.914 0.991 1.093 1.033 0.925 1.313 0.7 0.721
0.965 1.063 1.053 1.041 1.074 1.097 0.98 0.816 0.914 0.991 1.093 1.033 0.925 1.313 0.7 0.619
0.738 1.063 1.053 1.041 1.074 1.097 0.98 0.816 0.914 0.991 1.093 1.033 0.925 1.313 0.7 0.79
1.312 1.063 1.053 1.041 1.074 1.097 0.98 0.816 0.914 0.991 1.093 1.033 0.925 1.313 0.7 0.827
0.679 1.063 1.053 1.041 1.074 1.097 0.98 0.816 0.914 0.991 1.093 1.033 0.925 1.313 0.7 1.083
1.365 1.063 1.053 1.041 1.074 1.097 0.98 0.816 0.914 0.991 1.093 1.033 0.925 1.313 0.7 0.882
0.91 1.063 1.053 1.041 1.074 1.097 0.98 0.816 0.914 0.991 1.093 1.033 0.925 1.313 0.7 0.943
0.499 1.063 1.053 1.041 1.074 1.097 0.98 0.816 0.914 0.991 1.093 1.033 0.925 1.313 0.7 0.668
0.693 1.063 1.053 1.041 1.074 1.097 0.98 0.816 0.914 0.991 1.093 1.033 0.925 1.313 0.7 0.674
1.118 1.063 1.053 1.041 1.074 1.097 0.98 0.816 0.914 0.991 1.093 1.033 0.925 1.313 0.7 0.651
1.005 1.063 1.053 1.041 1.074 1.097 0.98 0.816 0.914 0.991 1.093 1.033 0.925 1.313 0.7 0.71
1.131 1.063 1.053 1.041 1.074 1.097 0.98 0.816 0.914 0.991 1.093 1.033 0.925 1.313 0.7 0.87
1.25 1.063 1.053 1.041 1.074 1.097 0.98 0.816 0.914 0.991 1.093 1.033 0.925 1.313 0.7 1.013
1.295 1.063 1.053 1.041 1.074 1.097 0.98 0.816 0.914 0.991 1.093 1.033 0.925 1.313 0.7 0.936
1.118 1.063 1.053 1.041 1.074 1.097 0.98 0.816 0.914 0.991 1.093 1.033 0.925 1.313 0.7 1.216
1.177 1.063 1.053 1.041 1.074 1.097 0.98 0.816 0.914 0.991 1.093 1.033 0.925 1.313 0.7 0.72
1.187 1.063 1.053 1.041 1.074 1.097 0.98 0.816 0.914 0.991 1.093 1.033 0.925 1.313 0.7 0.675
1.125 1.063 1.053 1.041 1.074 1.097 0.98 0.816 0.914 0.991 1.093 1.033 0.925 1.313 0.7 1.006
1.255 1.063 1.053 1.041 1.074 1.097 0.98 0.816 0.914 0.991 1.093 1.033 0.925 1.313 0.7 1.191
0.753 1.063 1.053 1.041 1.074 1.097 0.98 0.816 0.914 0.991 1.093 1.033 0.925 1.313 0.7 0.73
0.922 1.063 1.053 1.041 1.074 1.097 0.98 0.816 0.914 0.991 1.093 1.033 0.925 1.313 0.7 0.718
1.039 1.063 1.053 1.041 1.074 1.097 0.98 0.816 0.914 0.991 1.093 1.033 0.925 1.313 0.7 0.79
0.572 1.063 1.053 1.041 1.074 1.097 0.98 0.816 0.914 0.991 1.093 1.033 0.925 1.313 0.7 0.755
0.901 1.063 1.053 1.041 1.074 1.097 0.98 0.816 0.914 0.991 1.093 1.033 0.925 1.313 0.7 1.004
1.178 1.063 1.053 1.041 1.074 1.097 0.98 0.816 0.914 0.991 1.093 1.033 0.925 1.313 0.7 1.036
1.117 1.063 1.053 1.041 1.074 1.097 0.98 0.816 0.914 0.991 1.093 1.033 0.925 1.313 0.7 0.853
1.184 1.063 1.053 1.041 1.074 1.097 0.98 0.816 0.914 0.991 1.093 1.033 0.925 1.313 0.7 0.614
1.088 1.063 1.053 1.041 1.074 1.097 0.98 0.816 0.914 0.991 1.093 1.033 0.925 1.313 0.7 0.768
1.24 1.063 1.053 1.041 1.074 1.097 0.98 0.816 0.914 0.991 1.093 1.033 0.925 1.313 0.7 1.203
1.183 1.063 1.053 1.041 1.074 1.097 0.98 0.816 0.914 0.991 1.093 1.033 0.925 1.313 0.7 0.971
0.778 1.063 1.053 1.041 1.074 1.097 0.98 0.816 0.914 0.991 1.093 1.033 0.925 1.313 0.7 0.979
0.878 1.063 1.053 1.041 1.074 1.097 0.98 0.816 0.914 0.991 1.093 1.033 0.925 1.313 0.7 0.833
0.792 1.063 1.053 1.041 1.074 1.097 0.98 0.816 0.914 0.991 1.093 1.033 0.925 1.313 0.7 1.394
1.045 1.063 1.053 1.041 1.074 1.097 0.98 0.816 0.914 0.991 1.093 1.033 0.925 1.313 0.7 0.922
0.917 1.063 1.053 1.041 1.074 1.097 0.98 0.816 0.914 0.991 1.093 1.033 0.925 1.313 0.7 0.997
0.82 1.063 1.053 1.041 1.074 1.097 0.98 0.816 0.914 0.991 1.093 1.033 0.925 1.313 0.7 0.919
0.769 1.063 1.053 1.041 1.074 1.097 0.98 0.816 0.914 0.991 1.093 1.033 0.925 1.313 0.7 0.622
1.023 1.063 1.053 1.041 1.074 1.097 0.98 0.816 0.914 0.991 1.093 1.033 0.925 1.313 0.7 1.315
1.197 1.063 1.053 1.041 1.074 1.097 0.98 0.816 0.914 0.991 1.093 1.033 0.925 1.313 0.7 0.763
1.226 1.063 1.053 1.041 1.074 1.097 0.98 0.816 0.914 0.991 1.093 1.033 0.925 1.313 0.7 1.313
1.018 1.063 1.053 1.041 1.074 1.097 0.98 0.816 0.914 0.991 1.093 1.033 0.925 1.313 0.7 0.675
0.955 1.063 1.053 1.041 1.074 1.097 0.98 0.816 0.914 0.991 1.093 1.033 0.925 1.313 0.7 0.879
0.904 1.063 1.053 1.041 1.074 1.097 0.98 0.816 0.914 0.991 1.093 1.033 0.925 1.313 0.7 0.553
1.105 1.063 1.053 1.041 1.074 1.097 0.98 0.816 0.914 0.991 1.093 1.033 0.925 1.313 0.7 0.644
1.113 1.063 1.053 1.041 1.074 1.097 0.98 0.816 0.914 0.991 1.093 1.033 0.925 1.313 0.7 0.852
1.393 1.063 1.053 1.041 1.074 1.097 0.98 0.816 0.914 0.991 1.093 1.033 0.925 1.313 0.7 1.196
0.37 1.063 1.053 1.041 1.074 1.097 0.98 0.816 0.914 0.991 1.093 1.033 0.925 1.313 0.7 0.684
0.624 1.063 1.053 1.041 1.074 1.097 0.98 0.816 0.914 0.991 1.093 1.033 0.925 1.313 0.7 1.103
1.004 1.063 1.053 1.041 1.074 1.097 0.98 0.816 0.914 0.991 1.093 1.033 0.925 1.313 0.7 0.791
1.379 1.063 1.053 1.041 1.074 1.097 0.98 0.816 0.914 0.991 1.093 1.033 0.925 1.313 0.7 0.843
1.237 1.063 1.053 1.041 1.074 1.097 0.98 0.816 0.914 0.991 1.093 1.033 0.925 1.313 0.7 0.881
0.955 1.063 1.053 1.041 1.074 1.097 0.98 0.816 0.914 0.991 1.093 1.033 0.925 1.313 0.7 1.125
1.289 1.063 1.053 1.041 1.074 1.097 0.98 0.816 0.914 0.991 1.093 1.033 0.925 1.313 0.7 1.238
0.978 1.063 1.053 1.041 1.074 1.097 0.98 0.816 0.914 0.991 1.093 1.033 0.925 1.313 0.7 1.034
1.325 1.063 1.053 1.041 1.074 1.097 0.98 0.816 0.914 0.991 1.093 1.033 0.925 1.313 0.7 1.023
0.97 1.063 1.053 1.041 1.074 1.097 0.98 0.816 0.914 0.991 1.093 1.033 0.925 1.313 0.7 0.755
0.821 1.063 1.053 1.041 1.074 1.097 0.98 0.816 0.914 0.991 1.093 1.033 0.925 1.313 0.7 1.081
1.007 1.063 1.053 1.041 1.074 1.097 0.98 0.816 0.914 0.991 1.093 1.033 0.925 1.313 0.7 0.731
1.384 1.063 1.053 1.041 1.074 1.097 0.98 0.816 0.914 0.991 1.093 1.033 0.925 1.313 0.7 1.055
0.844 1.063 1.053 1.041 1.074 1.097 0.98 0.816 0.914 0.991 1.093 1.033 0.925 1.313 0.7 0.958
0.838 1.063 1.053 1.041 1.074 1.097 0.98 0.816 0.914 0.991 1.093 1.033 0.925 1.313 0.7 1.108
1.212 1.063 1.053 1.041 1.074 1.097 0.98 0.816 0.914 0.991 1.093 1.033 0.925 1.313 0.7 1.085
1.22 1.063 1.053 1.041 1.074 1.097 0.98 0.816 0.914 0.991 1.093 1.033 0.925 1.313 0.7 1.299
1.253 1.063 1.053 1.041 1.074 1.097 0.98 0.816 0.914 0.991 1.093 1.033 0.925 1.313 0.7 1.097
1.291 1.063 1.053 1.041 1.074 1.097 0.98 0.816 0.914 0.991 1.093 1.033 0.925 1.313 0.7 0.839
0.969 1.063 1.053 1.041 1.074 1.097 0.98 0.816 0.914 0.991 1.093 1.033 0.925 1.313 0.7 1.343
0.918 1.063 1.053 1.041 1.074 1.097 0.98 0.816 0.914 0.991 1.093 1.033 0.925 1.313 0.7 0.604
1.157 1.063 1.053 1.041 1.074 1.097 0.98 0.816 0.914 0.991 1.093 1.033 0.925 1.313 0.7 1.18
0.846 1.063 1.053 1.041 1.074 1.097 0.98 0.816 0.914 0.991 1.093 1.033 0.925 1.313 0.7 0.762
1.16 1.063 1.053 1.041 1.074 1.097 0.98 0.816 0.914 0.991 1.093 1.033 0.925 1.313 0.7 1.021
0.812 1.063 1.053 1.041 1.074 1.097 0.98 0.816 0.914 0.991 1.093 1.033 0.925 1.313 0.7 0.77
0.689 1.063 1.053 1.041 1.074 1.097 0.98 0.816 0.914 0.991 1.093 1.033 0.925 1.313 0.7 0.932
1.146 1.063 1.053 1.041 1.074 1.097 0.98 0.816 0.914 0.991 1.093 1.033 0.925 1.313 0.7 0.801
1.2 1.063 1.053 1.041 1.074 1.097 0.98 0.816 0.914 0.991 1.093 1.033 0.925 1.313 0.7 1.307
1.059 1.063 1.053 1.041 1.074 1.097 0.98 0.816 0.914 0.991 1.093 1.033 0.925 1.313 0.7 0.939
0.644 1.063 1.053 1.041 1.074 1.097 0.98 0.816 0.914 0.991 1.093 1.033 0.925 1.313 0.7 0.955
1.152 1.063 1.053 1.041 1.074 1.097 0.98 0.816 0.914 0.991 1.093 1.033 0.925 1.313 0.7 1.154
1.288 1.063 1.053 1.041 1.074 1.097 0.98 0.816 0.914 0.991 1.093 1.033 0.925 1.313 0.7 0.922
1.266 1.063 1.053 1.041 1.074 1.097 0.98 0.816 0.914 0.991 1.093 1.033 0.925 1.313 0.7 1.225
1.107 1.063 1.053 1.041 1.074 1.097 0.98 0.816 0.914 0.991 1.093 1.033 0.925 1.313 0.7 1.004
0.983 1.063 1.053 1.041 1.074 1.097 0.98 0.816 0.914 0.991 1.093 1.033 0.925 1.313 0.7 0.562
0.865 1.063 1.053 1.041 1.074 1.097 0.98 0.816 0.914 0.991 1.093 1.033 0.925 1.313 0.7 0.665
0.685 1.063 1.053 1.041 1.074 1.097 0.98 0.816 0.914 0.991 1.093 1.033 0.925 1.313 0.7 0.538
0.76 1.063 1.053 1.041 1.074 1.097 0.98 0.816 0.914 0.991 1.093 1.033 0.925 1.313 0.7 1.095
0.971 1.063 1.053 1.041 1.074 1.097 0.98 0.816 0.914 0.991 1.093 1.033 0.925 1.313 0.7 0.851
0.782 1.063 1.053 1.041 1.074 1.097 0.98 0.816 0.914 0.991 1.093 1.033 0.925 1.313 0.7 1.024
0.912 1.063 1.053 1.041 1.074 1.097 0.98 0.816 0.914 0.991 1.093 1.033 0.925 1.313 0.7 0.65
0.932 1.063 1.053 1.041 1.074 1.097 0.98 0.816 0.914 0.991 1.093 1.033 0.925 1.313 0.7 0.736
0.99 1.063 1.053 1.041 1.074 1.097 0.98 0.816 0.914 0.991 1.093 1.033 0.925 1.313 0.7 1.247
0.945 1.063 1.053 1.041 1.074 1.097 0.98 0.816 0.914 0.991 1.093 1.033 0.925 1.313 0.7 0.81
1.081 1.063 1.053 1.041 1.074 1.097 0.98 0.816 0.914 0.991 1.093 1.033 0.925 1.313 0.7 0.899
1.211 1.063 1.053 1.041 1.074 1.097 0.98 0.816 0.914 0.991 1.093 1.033 0.925 1.313 0.7 0.973
0.898 1.063 1.053 1.041 1.074 1.097 0.98 0.816 0.914 0.991 1.093 1.033 0.925 1.313 0.7 1.045
1.249 1.063 1.053 1.041 1.074 1.097 0.98 0.816 0.914 0.991 1.093 1.033 0.925 1.313 0.7 0.718
0.976 1.063 1.053 1.041 1.074 1.097 0.98 0.816 0.914 0.991 1.093 1.033 0.925 1.313 0.7 1.072
1.321 1.063 1.053 1.041 1.074 1.097 0.98 0.816 0.914 0.991 1.093 1.033 0.925 1.313 0.7 1.044
0.767 1.063 1.053 1.041 1.074 1.097 0.98 0.816 0.914 0.991 1.093 1.033 0.925 1.313 0.7 0.91
1.018 1.063 1.053 1.041 1.074 1.097 0.98 0.816 0.914 0.991 1.093 1.033 0.925 1.313 0.7 0.935
0.834 1.063 1.053 1.041 1.074 1.097 0.98 0.816 0.914 0.991 1.093 1.033 0.925 1.313 0.7 0.972
0.793 1.063 1.053 1.041 1.074 1.097 0.98 0.816 0.914 0.991 1.093 1.033 0.925 1.313 0.7 0.877
0.927 1.063 1.053 1.041 1.074 1.097 0.98 0.816 0.914 0.991 1.093 1.033 0.925 1.313 0.7 1.031
0.779 1.063 1.053 1.041 1.074 1.097 0.98 0.816 0.914 0.991 1.093 1.033 0.925 1.313 0.7 1.171
1.1 1.063 1.053 1.041 1.074 1.097 0.98 0.816 0.914 0.991 1.093 1.033 0.925 1.313 0.7 1.028
0.869 1.063 1.053 1.041 1.074 1.097 0.98 0.816 0.914 0.991 1.093 1.033 0.925 1.313 0.7 1.291
1.066 1.063 1.053 1.041 1.074 1.097 0.98 0.816 0.914 0.991 1.093 1.033 0.925 1.313 0.7 0.875
1.095 1.063 1.053 1.041 1.074 1.097 0.98 0.816 0.914 0.991 1.093 1.033 0.925 1.313 0.7 0.78
1.108 1.063 1.053 1.041 1.074 1.097 0.98 0.816 0.914 0.991 1.093 1.033 0.925 1.313 0.7 1.429
0.989 1.063 1.053 1.041 1.074 1.097 0.98 0.816 0.914 0.991 1.093 1.033 0.925 1.313 0.7 0.822
1.44 1.063 1.053 1.041 1.074 1.097 0.98 0.816 0.914 0.991 1.093 1.033 0.925 1.313 0.7 0.999
1.238 1.063 1.053 1.041 1.074 1.097 0.98 0.816 0.914 0.991 1.093 1.033 0.925 1.313 0.7 0.775
1.056 1.063 1.053 1.041 1.074 1.097 0.98 0.816 0.914 0.991 1.093 1.033 0.925 1.313 0.7 0.901
0.837 1.063 1.053 1.041 1.074 1.097 0.98 0.816 0.914 0.991 1.093 1.033 0.925 1.313 0.7 1.147
1.123 1.063 1.053 1.041 1.074 1.097 0.98 0.816 0.914 0.991 1.093 1.033 0.925 1.313 0.7 1.14
1.066 1.063 1.053 1.041 1.074 1.097 0.98 0.816 0.914 0.991 1.093 1.033 0.925 1.313 0.7 0.925
1.074 1.063 1.053 1.041 1.074 1.097 0.98 0.816 0.914 0.991 1.093 1.033 0.925 1.313 0.7 1.292
0.998 1.063 1.053 1.041 1.074 1.097 0.98 0.816 0.914 0.991 1.093 1.033 0.925 1.313 0.7 1.185
0.93 1.063 1.053 1.041 1.074 1.097 0.98 0.816 0.914 0.991 1.093 1.033 0.925 1.313 0.7 0.909
1.314 1.063 1.053 1.041 1.074 1.097 0.98 0.816 0.914 0.991 1.093 1.033 0.925 1.313 0.7 1.037
0.749 1.063 1.053 1.041 1.074 1.097 0.98 0.816 0.914 0.991 1.093 1.033 0.925 1.313 0.7 1.267
1.06 1.063 1.053 1.041 1.074 1.097 0.98 0.816 0.914 0.991 1.093 1.033 0.925 1.313 0.7 1.044
0.872 1.063 1.053 1.041 1.074 1.097 0.98 0.816 0.914 0.991 1.093 1.033 0.925 1.313 0.7 1.062
1 1.063 1.053 1.041 1.074 1.097 0.98 0.816 0.914 0.991 1.093 1.033 0.925 1.313 0.7 0.962
1.275 1.063 1.053 1.041 1.074 1.097 0.98 0.816 0.914 0.991 1.093 1.033 0.925 1.313 0.7 0.744
1.172 1.063 1.053 1.041 1.074 1.097 0.98 0.816 0.914 0.991 1.093 1.033 0.925 1.313 0.7 0.757
1.027 1.063 1.053 1.041 1.074 1.097 0.98 0.816 0.914 0.991 1.093 1.033 0.925 1.313 0.7 0.832
0.856 1.063 1.053 1.041 1.074 1.097 0.98 0.816 0.914 0.991 1.093 1.033 0.925 1.313 0.7 0.957
1.006 1.063 1.053 1.041 1.074 1.097 0.98 0.816 0.914 0.991 1.093 1.033 0.925 1.313 0.7 1.104
0.718 1.063 1.053 1.041 1.074 1.097 0.98 0.816 0.914 0.991 1.093 1.033 0.925 1.313 0.7 0.786
0.436 1.063 1.053 1.041 1.074 1.097 0.98 0.816 0.914 0.991 1.093 1.033 0.925 1.313 0.7 0.629
1 1.063 1.053 1.041 1.074 1.097 0.98 0.816 0.914 0.991 1.093 1.033 0.925 1.313 0.7 0.665
1.351 1.063 1.053 1.041 1.074 1.097 0.98 0.816 0.914 0.991 1.093 1.033 0.925 1.313 0.7 1.342
0.817 1.063 1.053 1.041 1.074 1.097 0.98 0.816 0.914 0.991 1.093 1.033 0.925 1.313 0.7 0.638
0.492 1.063 1.053 1.041 1.074 1.097 0.98 0.816 0.914 0.991 1.093 1.033 0.925 1.313 0.7 0.772
1.533 1.063 1.053 1.041 1.074 1.097 0.98 0.816 0.914 0.991 1.093 1.033 0.925 1.313 0.7 1.144
0.863 1.063 1.053 1.041 1.074 1.097 0.98 0.816 0.914 0.991 1.093 1.033 0.925 1.313 0.7 0.971
0.855 1.063 1.053 1.041 1.074 1.097 0.98 0.816 0.914 0.991 1.093 1.033 0.925 1.313 0.7 1.065
0.765 1.063 1.053 1.041 1.074 1.097 0.98 0.816 0.914 0.991 1.093 1.033 0.925 1.313 0.7 1.069
1.134 1.063 1.053 1.041 1.074 1.097 0.98 0.816 0.914 0.991 1.093 1.033 0.925 1.313 0.7 0.667
0.864 1.063 1.053 1.041 1.074 1.097 0.98 0.816 0.914 0.991 1.093 1.033 0.925 1.313 0.7 1.236
0.769 1.063 1.053 1.041 1.074 1.097 0.98 0.816 0.914 0.991 1.093 1.033 0.925 1.313 0.7 0.708
1.013 1.063 1.053 1.041 1.074 1.097 0.98 0.816 0.914 0.991 1.093 1.033 0.925 1.313 0.7 1.077
1.215 1.063 1.053 1.041 1.074 1.097 0.98 0.816 0.914 0.991 1.093 1.033 0.925 1.313 0.7 1.01
1.382 1.063 1.053 1.041 1.074 1.097 0.98 0.816 0.914 0.991 1.093 1.033 0.925 1.313 0.7 1.016
0.921 1.063 1.053 1.041 1.074 1.097 0.98 0.816 0.914 0.991 1.093 1.033 0.925 1.313 0.7 0.801
0.934 1.063 1.053 1.041 1.074 1.097 0.98 0.816 0.914 0.991 1.093 1.033 0.925 1.313 0.7 0.384
1.083 1.063 1.053 1.041 1.074 1.097 0.98 0.816 0.914 0.991 1.093 1.033 0.925 1.313 0.7 0.641
1.304 1.063 1.053 1.041 1.074 1.097 0.98 0.816 0.914 0.991 1.093 1.033 0.925 1.313 0.7 0.708
1.177 1.063 1.053 1.041 1.074 1.097 0.98 0.816 0.914 0.991 1.093 1.033 0.925 1.313 0.7 0.814
1.226 1.063 1.053 1.041 1.074 1.097 0.98 0.816 0.914 0.991 1.093 1.033 0.925 1.313 0.7 1.055
1.264 1.063 1.053 1.041 1.074 1.097 0.98 0.816 0.914 0.991 1.093 1.033 0.925 1.313 0.7 0.914
0.946 1.063 1.053 1.041 1.074 1.097 0.98 0.816 0.914 0.991 1.093 1.033 0.925 1.313 0.7 0.832
0.96 1.063 1.053 1.041 1.074 1.097 0.98 0.816 0.914 0.991 1.093 1.033 0.925 1.313 0.7 1.216
1.039 1.063 1.053 1.041 1.074 1.097 0.98 0.816 0.914 0.991 1.093 1.033 0.925 1.313 0.7 0.893
1.182 1.063 1.053 1.041 1.074 1.097 0.98 0.816 0.914 0.991 1.093 1.033 0.925 1.313 0.7 0.979
1.347 1.063 1.053 1.041 1.074 1.097 0.98 0.816 0.914 0.991 1.093 1.033 0.925 1.313 0.7 0.869
0.929 1.063 1.053 1.041 1.074 1.097 0.98 0.816 0.914 0.991 1.093 1.033 0.925 1.313 0.7 0.712
0.927 1.063 1.053 1.041 1.074 1.097 0.98 0.816 0.914 0.991 1.093 1.033 0.925 1.313 0.7 0.731
1.411 1.063 1.053 1.041 1.074 1.097 0.98 0.816 0.914 0.991 1.093 1.033 0.925 1.313 0.7 1.116
0.897 1.063 1.053 1.041 1.074 1.097 0.98 0.816 0.914 0.991 1.093 1.033 0.925 1.313 0.7 0.84
1.229 1.063 1.053 1.041 1.074 1.097 0.98 0.816 0.914 0.991 1.093 1.033 0.925 1.313 0.7 0.865
0.826 1.063 1.053 1.041 1.074 1.097 0.98 0.816 0.914 0.991 1.093 1.033 0.925 1.313 0.7 1.194
1.317 1.063 1.053 1.041 1.074 1.097 0.98 0.816 0.914 0.991 1.093 1.033 0.925 1.313 0.7 0.899
1.489 1.063 1.053 1.041 1.074 1.097 0.98 0.816 0.914 0.991 1.093 1.033 0.925 1.313 0.7 0.941
1.028 1.063 1.053 1.041 1.074 1.097 0.98 0.816 0.914 0.991 1.093 1.033 0.925 1.313 0.7 0.885
1.296 1.063 1.053 1.041 1.074 1.097 0.98 0.816 0.914 0.991 1.093 1.033 0.925 1.313 0.7 0.638
1.227 1.063 1.053 1.041 1.074 1.097 0.98 0.816 0.914 0.991 1.093 1.033 0.925 1.313 0.7 1.376
1.199 1.063 1.053 1.041 1.074 1.097 0.98 0.816 0.914 0.991 1.093 1.033 0.925 1.313 0.7 1.027
1.028 1.063 1.053 1.041 1.074 1.097 0.98 0.816 0.914 0.991 1.093 1.033 0.925 1.313 0.7 1.127
0.696 1.063 1.053 1.041 1.074 1.097 0.98 0.816 0.914 0.991 1.093 1.033 0.925 1.313 0.7 0.437
0.81 1.063 1.053 1.041 1.074 1.097 0.98 0.816 0.914 0.991 1.093 1.033 0.925 1.313 0.7 0.954
1.175 1.063 1.053 1.041 1.074 1.097 0.98 0.816 0.914 0.991 1.093 1.033 0.925 1.313 0.7 0.98
0.808 1.063 1.053 1.041 1.074 1.097 0.98 0.816 0.914 0.991 1.093 1.033 0.925 1.313 0.7 0.87
0.843 1.063 1.053 1.041 1.074 1.097 0.98 0.816 0.914 0.991 1.093 1.033 0.925 1.313 0.7 0.934
0.815 1.063 1.053 1.041 1.074 1.097 0.98 0.816 0.914 0.991 1.093 1.033 0.925 1.313 0.7 0.887
1.28 1.063 1.053 1.041 1.074 1.097 0.98 0.816 0.914 0.991 1.093 1.033 0.925 1.313 0.7 0.775
1.566 1.063 1.053 1.041 1.074 1.097 0.98 0.816 0.914 0.991 1.093 1.033 0.925 1.313 0.7 1.041
1.163 1.063 1.053 1.041 1.074 1.097 0.98 0.816 0.914 0.991 1.093 1.033 0.925 1.313 0.7 0.942
0.73 1.063 1.053 1.041 1.074 1.097 0.98 0.816 0.914 0.991 1.093 1.033 0.925 1.313 0.7 0.828
1.08 1.063 1.053 1.041 1.074 1.097 0.98 0.816 0.914 0.991 1.093 1.033 0.925 1.313 0.7 0.856
1.344 1.063 1.053 1.041 1.074 1.097 0.98 0.816 0.914 0.991 1.093 1.033 0.925 1.313 0.7 1.197
0.761 1.063 1.053 1.041 1.074 1.097 0.98 0.816 0.914 0.991 1.093 1.033 0.925 1.313 0.7 1.05
0.912 1.063 1.053 1.041 1.074 1.097 0.98 0.816 0.914 0.991 1.093 1.033 0.925 1.313 0.7 1.027
1.029 1.063 1.053 1.041 1.074 1.097 0.98 0.816 0.914 0.991 1.093 1.033 0.925 1.313 0.7 0.991
0.999 1.063 1.053 1.041 1.074 1.097 0.98 0.816 0.914 0.991 1.093 1.033 0.925 1.313 0.7 0.893
1.075 1.063 1.053 1.041 1.074 1.097 0.98 0.816 0.914 0.991 1.093 1.033 0.925 1.313 0.7 0.97
1.149 1.063 1.053 1.041 1.074 1.097 0.98 0.816 0.914 0.991 1.093 1.033 0.925 1.313 0.7 1.301
0.794 1.063 1.053 1.041 1.074 1.097 0.98 0.816 0.914 0.991 1.093 1.033 0.925 1.313 0.7 1.258
1.145 1.063 1.053 1.041 1.074 1.097 0.98 0.816 0.914 0.991 1.093 1.033 0.925 1.313 0.7 1.181
1.148 1.063 1.053 1.041 1.074 1.097 0.98 0.816 0.914 0.991 1.093 1.033 0.925 1.313 0.7 0.972
0.861 1.063 1.053 1.041 1.074 1.097 0.98 0.816 0.914 0.991 1.093 1.033 0.925 1.313 0.7 0.84
1.027 1.063 1.053 1.041 1.074 1.097 0.98 0.816 0.914 0.991 1.093 1.033 0.925 1.313 0.7 0.911
1.353 1.063 1.053 1.041 1.074 1.097 0.98 0.816 0.914 0.991 1.093 1.033 0.925 1.313 0.7 1.074
1.089 1.063 1.053 1.041 1.074 1.097 0.98 0.816 0.914 0.991 1.093 1.033 0.925 1.313 0.7 1.17
1.463 1.063 1.053 1.041 1.074 1.097 0.98 0.816 0.914 0.991 1.093 1.033 0.925 1.313 0.7 0.784
0.833 1.063 1.053 1.041 1.074 1.097 0.98 0.816 0.914 0.991 1.093 1.033 0.925 1.313 0.7 1.061
1.154 1.063 1.053 1.041 1.074 1.097 0.98 0.816 0.914 0.991 1.093 1.033 0.925 1.313 0.7 0.896
0.781 1.063 1.053 1.041 1.074 1.097 0.98 0.816 0.914 0.991 1.093 1.033 0.925 1.313 0.7 1.106
0.985 1.063 1.053 1.041 1.074 1.097 0.98 0.816 0.914 0.991 1.093 1.033 0.925 1.313 0.7 0.76
1.071 1.063 1.053 1.041 1.074 1.097 0.98 0.816 0.914 0.991 1.093 1.033 0.925 1.313 0.7 1.062
1.333 1.063 1.053 1.041 1.074 1.097 0.98 0.816 0.914 0.991 1.093 1.033 0.925 1.313 0.7 0.992
0.97 1.063 1.053 1.041 1.074 1.097 0.98 0.816 0.914 0.991 1.093 1.033 0.925 1.313 0.7 1.118
1.09 1.063 1.053 1.041 1.074 1.097 0.98 0.816 0.914 0.991 1.093 1.033 0.925 1.313 0.7 1.281
0.718 1.063 1.053 1.041 1.074 1.097 0.98 0.816 0.914 0.991 1.093 1.033 0.925 1.313 0.7 0.792
0.755 1.063 1.053 1.041 1.074 1.097 0.98 0.816 0.914 0.991 1.093 1.033 0.925 1.313 0.7 0.777
1.005 1.063 1.053 1.041 1.074 1.097 0.98 0.816 0.914 0.991 1.093 1.033 0.925 1.313 0.7 0.71
0.954 1.063 1.053 1.041 1.074 1.097 0.98 0.816 0.914 0.991 1.093 1.033 0.925 1.313 0.7 0.69
0.751 1.063 1.053 1.041 1.074 1.097 0.98 0.816 0.914 0.991 1.093 1.033 0.925 1.313 0.7 0.904
0.636 1.063 1.053 1.041 1.074 1.097 0.98 0.816 0.914 0.991 1.093 1.033 0.925 1.313 0.7 0.86
1.434 1.063 1.053 1.041 1.074 1.097 0.98 0.816 0.914 0.991 1.093 1.033 0.925 1.313 0.7 0.662
1.154 1.063 1.053 1.041 1.074 1.097 0.98 0.816 0.914 0.991 1.093 1.033 0.925 1.313 0.7 0.991
1.09 1.063 1.053 1.041 1.074 1.097 0.98 0.816 0.914 0.991 1.093 1.033 0.925 1.313 0.7 0.848
0.61 1.063 1.053 1.041 1.074 1.097 0.98 0.816 0.914 0.991 1.093 1.033 0.925 1.313 0.7 0.884
0.858 1.063 1.053 1.041 1.074 1.097 0.98 0.816 0.914 0.991 1.093 1.033 0.925 1.313 0.7 1.145
1.185 1.063 1.053 1.041 1.074 1.097 0.98 0.816 0.914 0.991 1.093 1.033 0.925 1.313 0.7 1.099
0.855 1.063 1.053 1.041 1.074 1.097 0.98 0.816 0.914 0.991 1.093 1.033 0.925 1.313 0.7 0.944
0.952 1.063 1.053 1.041 1.074 1.097 0.98 0.816 0.914 0.991 1.093 1.033 0.925 1.313 0.7 0.945
0.864 1.063 1.053 1.041 1.074 1.097 0.98 0.816 0.914 0.991 1.093 1.033 0.925 1.313 0.7 0.753
1.151 1.063 1.053 1.041 1.074 1.097 0.98 0.816 0.914 0.991 1.093 1.033 0.925 1.313 0.7 0.915
0.956 1.063 1.053 1.041 1.074 1.097 0.98 0.816 0.914 0.991 1.093 1.033 0.925 1.313 0.7 0.744
0.998 1.063 1.053 1.041 1.074 1.097 0.98 0.816 0.914 0.991 1.093 1.033 0.925 1.313 0.7 1.086
0.832 1.063 1.053 1.041 1.074 1.097 0.98 0.816 0.914 0.991 1.093 1.033 0.925 1.313 0.7 1.16
0.688 1.063 1.053 1.041 1.074 1.097 0.98 0.816 0.914 0.991 1.093 1.033 0.925 1.313 0.7 0.823
0.834 1.063 1.053 1.041 1.074 1.097 0.98 0.816 0.914 0.991 1.093 1.033 0.925 1.313 0.7 0.986
1.078 1.063 1.053 1.041 1.074 1.097 0.98 0.816 0.914 0.991 1.093 1.033 0.925 1.313 0.7 0.916
0.41 1.063 1.053 1.041 1.074 1.097 0.98 0.816 0.914 0.991 1.093 1.033 0.925 1.313 0.7 0.61
1.368 1.063 1.053 1.041 1.074 1.097 0.98 0.816 0.914 0.991 1.093 1.033 0.925 1.313 0.7 1.045
0.952 1.063 1.053 1.041 1.074 1.097 0.98 0.816 0.914 0.991 1.093 1.033 0.925 1.313 0.7 0.686
1.189 1.063 1.053 1.041 1.074 1.097 0.98 0.816 0.914 0.991 1.093 1.033 0.925 1.313 0.7 1.005
1.373 1.063 1.053 1.041 1.074 1.097 0.98 0.816 0.914 0.991 1.093 1.033 0.925 1.313 0.7 1.161
1.09 1.063 1.053 1.041 1.074 1.097 0.98 0.816 0.914 0.991 1.093 1.033 0.925 1.313 0.7 1.157
1.047 1.063 1.053 1.041 1.074 1.097 0.98 0.816 0.914 0.991 1.093 1.033 0.925 1.313 0.7 1.148
1.221 1.063 1.053 1.041 1.074 1.097 0.98 0.816 0.914 0.991 1.093 1.033 0.925 1.313 0.7 0.951
0.989 1.063 1.053 1.041 1.074 1.097 0.98 0.816 0.914 0.991 1.093 1.033 0.925 1.313 0.7 0.73
1.42 1.063 1.053 1.041 1.074 1.097 0.98 0.816 0.914 0.991 1.093 1.033 0.925 1.313 0.7 1.207
1.419 1.063 1.053 1.041 1.074 1.097 0.98 0.816 0.914 0.991 1.093 1.033 0.925 1.313 0.7 1.125
1.099 1.063 1.053 1.041 1.074 1.097 0.98 0.816 0.914 0.991 1.093 1.033 0.925 1.313 0.7 1.119
0.958 1.063 1.053 1.041 1.074 1.097 0.98 0.816 0.914 0.991 1.093 1.033 0.925 1.313 0.7 1.231
1.028 1.063 1.053 1.041 1.074 1.097 0.98 0.816 0.914 0.991 1.093 1.033 0.925 1.313 0.7 0.576
0.454 1.063 1.053 1.041 1.074 1.097 0.98 0.816 0.914 0.991 1.093 1.033 0.925 1.313 0.7 0.681
0.881 1.063 1.053 1.041 1.074 1.097 0.98 0.816 0.914 0.991 1.093 1.033 0.925 1.313 0.7 0.955
1.22 1.063 1.053 1.041 1.074 1.097 0.98 0.816 0.914 0.991 1.093 1.033 0.925 1.313 0.7 0.567
0.801 1.063 1.053 1.041 1.074 1.097 0.98 0.816 0.914 0.991 1.093 1.033 0.925 1.313 0.7 0.887
1.333 1.063 1.053 1.041 1.074 1.097 0.98 0.816 0.914 0.991 1.093 1.033 0.925 1.313 0.7 1.212
1.167 1.063 1.053 1.041 1.074 1.097 0.98 0.816 0.914 0.991 1.093 1.033 0.925 1.313 0.7 0.804
1.549 1.063 1.053 1.041 1.074 1.097 0.98 0.816 0.914 0.991 1.093 1.033 0.925 1.313 0.7 0.677
1.156 1.063 1.053 1.041 1.074 1.097 0.98 0.816 0.914 0.991 1.093 1.033 0.925 1.313 0.7 0.775
1.073 1.063 1.053 1.041 1.074 1.097 0.98 0.816 0.914 0.991 1.093 1.033 0.925 1.313 0.7 0.976
1.288 1.063 1.053 1.041 1.074 1.097 0.98 0.816 0.914 0.991 1.093 1.033 0.925 1.313 0.7 0.708
1.211 1.063 1.053 1.041 1.074 1.097 0.98 0.816 0.914 0.991 1.093 1.033 0.925 1.313 0.7 0.856
0.955 1.063 1.053 1.041 1.074 1.097 0.98 0.816 0.914 0.991 1.093 1.033 0.925 1.313 0.7 0.834
0.774 1.063 1.053 1.041 1.074 1.097 0.98 0.816 0.914 0.991 1.093 1.033 0.925 1.313 0.7 0.597
0.574 1.063 1.053 1.041 1.074 1.097 0.98 0.816 0.914 0.991 1.093 1.033 0.925 1.313 0.7 0.999
0.865 1.063 1.053 1.041 1.074 1.097 0.98 0.816 0.914 0.991 1.093 1.033 0.925 1.313 0.7 1.094
1.226 1.063 1.053 1.041 1.074 1.097 0.98 0.816 0.914 0.991 1.093 1.033 0.925 1.313 0.7 1.217
1.051 1.063 1.053 1.041 1.074 1.097 0.98 0.816 0.914 0.991 1.093 1.033 0.925 1.313 0.7 1.201
1.178 1.063 1.053 1.041 1.074 1.097 0.98 0.816 0.914 0.991 1.093 1.033 0.925 1.313 0.7 0.961
1.261 1.063 1.053 1.041 1.074 1.097 0.98 0.816 0.914 0.991 1.093 1.033 0.925 1.313 0.7 0.84
1.532 1.063 1.053 1.041 1.074 1.097 0.98 0.816 0.914 0.991 1.093 1.033 0.925 1.313 0.7 1.347
0.864 1.063 1.053 1.041 1.074 1.097 0.98 0.816 0.914 0.991 1.093 1.033 0.925 1.313 0.7 1.265
0.958 1.063 1.053 1.041 1.074 1.097 0.98 0.816 0.914 0.991 1.093 1.033 0.925 1.313 0.7 0.554
0.551 1.063 1.053 1.041 1.074 1.097 0.98 0.816 0.914 0.991 1.093 1.033 0.925 1.313 0.7 0.75
1.119 1.063 1.053 1.041 1.074 1.097 0.98 0.816 0.914 0.991 1.093 1.033 0.925 1.313 0.7 1.067
0.775 1.063 1.053 1.041 1.074 1.097 0.98 0.816 0.914 0.991 1.093 1.033 0.925 1.313 0.7 0.937
1.025 1.063 1.053 1.041 1.074 1.097 0.98 0.816 0.914 0.991 1.093 1.033 0.925 1.313 0.7 1.135
1.079 1.063 1.053 1.041 1.074 1.097 0.98 0.816 0.914 0.991 1.093 1.033 0.925 1.313 0.7 0.851
1.067 1.063 1.053 1.041 1.074 1.097 0.98 0.816 0.914 0.991 1.093 1.033 0.925 1.313 0.7 0.961
0.93 1.063 1.053 1.041 1.074 1.097 0.98 0.816 0.914 0.991 1.093 1.033 0.925 1.313 0.7 0.825
1.265 1.063 1.053 1.041 1.074 1.097 0.98 0.816 0.914 0.991 1.093 1.033 0.925 1.313 0.7 0.989
1.043 1.063 1.053 1.041 1.074 1.097 0.98 0.816 0.914 0.991 1.093 1.033 0.925 1.313 0.7 0.642
0.871 1.063 1.053 1.041 1.074 1.097 0.98 0.816 0.914 0.991 1.093 1.033 0.925 1.313 0.7 1.025
0.906 1.063 1.053 1.041 1.074 1.097 0.98 0.816 0.914 0.991 1.093 1.033 0.925 1.313 0.7 0.937
0.716 1.063 1.053 1.041 1.074 1.097 0.98 0.816 0.914 0.991 1.093 1.033 0.925 1.313 0.7 1.096
0.422 1.063 1.053 1.041 1.074 1.097 0.98 0.816 0.914 0.991 1.093 1.033 0.925 1.313 0.7 0.63
0.813 1.063 1.053 1.041 1.074 1.097 0.98 0.816 0.914 0.991 1.093 1.033 0.925 1.313 0.7 1.011
0.911 1.063 1.053 1.041 1.074 1.097 0.98 0.816 0.914 0.991 1.093 1.033 0.925 1.313 0.7 1.418
0.693 1.063 1.053 1.041 1.074 1.097 0.98 0.816 0.914 0.991 1.093 1.033 0.925 1.313 0.7 0.811
0.932 1.063 1.053 1.041 1.074 1.097 0.98 0.816 0.914 0.991 1.093 1.033 0.925 1.313 0.7 0.945
0.824 1.063 1.053 1.041 1.074 1.097 0.98 0.816 0.914 0.991 1.093 1.033 0.925 1.313 0.7 1.138
0.903 1.063 1.053 1.041 1.074 1.097 0.98 0.816 0.914 0.991 1.093 1.033 0.925 1.313 0.7 0.741
1.324 1.063 1.053 1.041 1.074 1.097 0.98 0.816 0.914 0.991 1.093 1.033 0.925 1.313 0.7 0.759
1.284 1.063 1.053 1.041 1.074 1.097 0.98 0.816 0.914 0.991 1.093 1.033 0.925 1.313 0.7 0.911
1.062 1.063 1.053 1.041 1.074 1.097 0.98 0.816 0.914 0.991 1.093 1.033 0.925 1.313 0.7 1.073
1.187 1.063 1.053 1.041 1.074 1.097 0.98 0.816 0.914 0.991 1.093 1.033 0.925 1.313 0.7 0.931
1.121 1.063 1.053 1.041 1.074 1.097 0.98 0.816 0.914 0.991 1.093 1.033 0.925 1.313 0.7 0.964
1.248 1.063 1.053 1.041 1.074 1.097 0.98 0.816 0.914 0.991 1.093 1.033 0.925 1.313 0.7 1.254
0.902 1.063 1.053 1.041 1.074 1.097 0.98 0.816 0.914 0.991 1.093 1.033 0.925 1.313 0.7 0.876
0.847 1.063 1.053 1.041 1.074 1.097 0.98 0.816 0.914 0.991 1.093 1.033 0.925 1.313 0.7 1.078
1.016 1.063 1.053 1.041 1.074 1.097 0.98 0.816 0.914 0.991 1.093 1.033 0.925 1.313 0.7 1.295
1.368 1.063 1.053 1.041 1.074 1.097 0.98 0.816 0.914 0.991 1.093 1.033 0.925 1.313 0.7 0.649
1.04 1.063 1.053 1.041 1.074 1.097 0.98 0.816 0.914 0.991 1.093 1.033 0.925 1.313 0.7 0.849
1.264 1.063 1.053 1.041 1.074 1.097 0.98 0.816 0.914 0.991 1.093 1.033 0.925 1.313 0.7 0.754
0.82 1.063 1.053 1.041 1.074 1.097 0.98 0.816 0.914 0.991 1.093 1.033 0.925 1.313 0.7 1.258
0.737 1.063 1.053 1.041 1.074 1.097 0.98 0.816 0.914 0.991 1.093 1.033 0.925 1.313 0.7 0.681
1.34 1.063 1.053 1.041 1.074 1.097 0.98 0.816 0.914 0.991 1.093 1.033 0.925 1.313 0.7 1.208
1.259 1.063 1.053 1.041 1.074 1.097 0.98 0.816 0.914 0.991 1.093 1.033 0.925 1.313 0.7 0.837
0.801 1.063 1.053 1.041 1.074 1.097 0.98 0.816 0.914 0.991 1.093 1.033 0.925 1.313 0.7 0.829
0.86 1.063 1.053 1.041 1.074 1.097 0.98 0.816 0.914 0.991 1.093 1.033 0.925 1.313 0.7 1.034
0.99 1.063 1.053 1.041 1.074 1.097 0.98 0.816 0.914 0.991 1.093 1.033 0.925 1.313 0.7 1.012
1.171 1.063 1.053 1.041 1.074 1.097 0.98 0.816 0.914 0.991 1.093 1.033 0.925 1.313 0.7 0.874
1.117 1.063 1.053 1.041 1.074 1.097 0.98 0.816 0.914 0.991 1.093 1.033 0.925 1.313 0.7 1.196
0.849 1.063 1.053 1.041 1.074 1.097 0.98 0.816 0.914 0.991 1.093 1.033 0.925 1.313 0.7 0.903
1.052 1.063 1.053 1.041 1.074 1.097 0.98 0.816 0.914 0.991 1.093 1.033 0.925 1.313 0.7 0.742
1.181 1.063 1.053 1.041 1.074 1.097 0.98 0.816 0.914 0.991 1.093 1.033 0.925 1.313 0.7 0.684
1.413 1.063 1.053 1.041 1.074 1.097 0.98 0.816 0.914 0.991 1.093 1.033 0.925 1.313 0.7 1.156
0.931 1.063 1.053 1.041 1.074 1.097 0.98 0.816 0.914 0.991 1.093 1.033 0.925 1.313 0.7 0.493
0.681 1.063 1.053 1.041 1.074 1.097 0.98 0.816 0.914 0.991 1.093 1.033 0.925 1.313 0.7 1.158
0.866 1.063 1.053 1.041 1.074 1.097 0.98 0.816 0.914 0.991 1.093 1.033 0.925 1.313 0.7 0.932
1.145 1.063 1.053 1.041 1.074 1.097 0.98 0.816 0.914 0.991 1.093 1.033 0.925 1.313 0.7 1.072
0.949 1.063 1.053 1.041 1.074 1.097 0.98 0.816 0.914 0.991 1.093 1.033 0.925 1.313 0.7 1.087
1.151 1.063 1.053 1.041 1.074 1.097 0.98 0.816 0.914 0.991 1.093 1.033 0.925 1.313 0.7 1.177
1.083 1.063 1.053 1.041 1.074 1.097 0.98 0.816 0.914 0.991 1.093 1.033 0.925 1.313 0.7 0.712
0.732 1.063 1.053 1.041 1.074 1.097 0.98 0.816 0.914 0.991 1.093 1.033 0.925 1.313 0.7 0.817
0.891 1.063 1.053 1.041 1.074 1.097 0.98 0.816 0.914 0.991 1.093 1.033 0.925 1.313 0.7 0.878
0.996 1.063 1.053 1.041 1.074 1.097 0.98 0.816 0.914 0.991 1.093 1.033 0.925 1.313 0.7 1.281
0.749 1.063 1.053 1.041 1.074 1.097 0.98 0.816 0.914 0.991 1.093 1.033 0.925 1.313 0.7 0.837
1.088 1.063 1.053 1.041 1.074 1.097 0.98 0.816 0.914 0.991 1.093 1.033 0.925 1.313 0.7 1.206
1.246 1.063 1.053 1.041 1.074 1.097 0.98 0.816 0.914 0.991 1.093 1.033 0.925 1.313 0.7 1.194
1.256 1.063 1.053 1.041 1.074 1.097 0.98 0.816 0.914 0.991 1.093 1.033 0.925 1.313 0.7 1.098
1.063 1.063 1.053 1.041 1.074 1.097 0.98 0.816 0.914 0.991 1.093 1.033 0.925 1.313 0.7 1.054
0.908 1.063 1.053 1.041 1.074 1.097 0.98 0.816 0.914 0.991 1.093 1.033 0.925 1.313 0.7 0.457
1.281 1.063 1.053 1.041 1.074 1.097 0.98 0.816 0.914 0.991 1.093 1.033 0.925 1.313 0.7 1.159
0.924 1.063 1.053 1.041 1.074 1.097 0.98 0.816 0.914 0.991 1.093 1.033 0.925 1.313 0.7 0.794
0.888 1.063 1.053 1.041 1.074 1.097 0.98 0.816 0.914 0.991 1.093 1.033 0.925 1.313 0.7 0.883
1.523 1.063 1.053 1.041 1.074 1.097 0.98 0.816 0.914 0.991 1.093 1.033 0.925 1.313 0.7 0.764
1.045 1.063 1.053 1.041 1.074 1.097 0.98 0.816 0.914 0.991 1.093 1.033 0.925 1.313 0.7 1.157
0.841 1.063 1.053 1.041 1.074 1.097 0.98 0.816 0.914 0.991 1.093 1.033 0.925 1.313 0.7 1.191
0.653 1.063 1.053 1.041 1.074 1.097 0.98 0.816 0.914 0.991 1.093 1.033 0.925 1.313 0.7 1.223
1.259 1.063 1.053 1.041 1.074 1.097 0.98 0.816 0.914 0.991 1.093 1.033 0.925 1.313 0.7 0.775
0.964 1.063 1.053 1.041 1.074 1.097 0.98 0.816 0.914 0.991 1.093 1.033 0.925 1.313 0.7 1.241
1.191 1.063 1.053 1.041 1.074 1.097 0.98 0.816 0.914 0.991 1.093 1.033 0.925 1.313 0.7 0.739
0.874 1.063 1.053 1.041 1.074 1.097 0.98 0.816 0.914 0.991 1.093 1.033 0.925 1.313 0.7 1.242
1.336 1.063 1.053 1.041 1.074 1.097 0.98 0.816 0.914 0.991 1.093 1.033 0.925 1.313 0.7 0.873
1.213 1.063 1.053 1.041 1.074 1.097 0.98 0.816 0.914 0.991 1.093 1.033 0.925 1.313 0.7 1.016
0.873 1.063 1.053 1.041 1.074 1.097 0.98 0.816 0.914 0.991 1.093 1.033 0.925 1.313 0.7 0.661
1.004 1.063 1.053 1.041 1.074 1.097 0.98 0.816 0.914 0.991 1.093 1.033 0.925 1.313 0.7 0.701
0.926 1.063 1.053 1.041 1.074 1.097 0.98 0.816 0.914 0.991 1.093 1.033 0.925 1.313 0.7 0.9
1.473 1.063 1.053 1.041 1.074 1.097 0.98 0.816 0.914 0.991 1.093 1.033 0.925 1.313 0.7 1.049
1.252 1.063 1.053 1.041 1.074 1.097 0.98 0.816 0.914 0.991 1.093 1.033 0.925 1.313 0.7 1.026
0.699 1.063 1.053 1.041 1.074 1.097 0.98 0.816 0.914 0.991 1.093 1.033 0.925 1.313 0.7 1.154
1.434 1.063 1.053 1.041 1.074 1.097 0.98 0.816 0.914 0.991 1.093 1.033 0.925 1.313 0.7 1.206
1.267 1.063 1.053 1.041 1.074 1.097 0.98 0.816 0.914 0.991 1.093 1.033 0.925 1.313 0.7 0.898
1.03 1.063 1.053 1.041 1.074 1.097 0.98 0.816 0.914 0.991 1.093 1.033 0.925 1.313 0.7 1.236
1.079 1.063 1.053 1.041 1.074 1.097 0.98 0.816 0.914 0.991 1.093 1.033 0.925 1.313 0.7 0.932
1.28 1.063 1.053 1.041 1.074 1.097 0.98 0.816 0.914 0.991 1.093 1.033 0.925 1.313 0.7 1.156
1.195 1.063 1.053 1.041 1.074 1.097 0.98 0.816 0.914 0.991 1.093 1.033 0.925 1.313 0.7 0.845
1.156 1.063 1.053 1.041 1.074 1.097 0.98 0.816 0.914 0.991 1.093 1.033 0.925 1.313 0.7 0.765
0.99 1.063 1.053 1.041 1.074 1.097 0.98 0.816 0.914 0.991 1.093 1.033 0.925 1.313 0.7 0.599
0.964 1.063 1.053 1.041 1.074 1.097 0.98 0.816 0.914 0.991 1.093 1.033 0.925 1.313 0.7 1.084
1.293 1.063 1.053 1.041 1.074 1.097 0.98 0.816 0.914 0.991 1.093 1.033 0.925 1.313 0.7 1.094
0.96 1.063 1.053 1.041 1.074 1.097 0.98 0.816 0.914 0.991 1.093 1.033 0.925 1.313 0.7 1.044
0.956 1.063 1.053 1.041 1.074 1.097 0.98 0.816 0.914 0.991 1.093 1.033 0.925 1.313 0.7 0.976
1.465 1.063 1.053 1.041 1.074 1.097 0.98 0.816 0.914 0.991 1.093 1.033 0.925 1.313 0.7 1.24
1.09 1.063 1.053 1.041 1.074 1.097 0.98 0.816 0.914 0.991 1.093 1.033 0.925 1.313 0.7 0.97
0.567 1.063 1.053 1.041 1.074 1.097 0.98 0.816 0.914 0.991 1.093 1.033 0.925 1.313 0.7 0.435
0.777 1.063 1.053 1.041 1.074 1.097 0.98 0.816 0.914 0.991 1.093 1.033 0.925 1.313 0.7 0.882
0.955 1.063 1.053 1.041 1.074 1.097 0.98 0.816 0.914 0.991 1.093 1.033 0.925 1.313 0.7 0.85
0.609 1.063 1.053 1.041 1.074 1.097 0.98 0.816 0.914 0.991 1.093 1.033 0.925 1.313 0.7 0.785
1.015 1.063 1.053 1.041 1.074 1.097 0.98 0.816 0.914 0.991 1.093 1.033 0.925 1.313 0.7 1.225
0.963 1.063 1.053 1.041 1.074 1.097 0.98 0.816 0.914 0.991 1.093 1.033 0.925 1.313 0.7 0.837
0.965 1.063 1.053 1.041 1.074 1.097 0.98 0.816 0.914 0.991 1.093 1.033 0.925 1.313 0.7 0.876
0.977 1.063 1.053 1.041 1.074 1.097 0.98 0.816 0.914 0.991 1.093 1.033 0.925 1.313 0.7 0.893
1.399 1.063 1.053 1.041 1.074 1.097 0.98 0.816 0.914 0.991 1.093 1.033 0.925 1.313 0.7 1.217
0.939 1.063 1.053 1.041 1.074 1.097 0.98 0.816 0.914 0.991 1.093 1.033 0.925 1.313 0.7 1.091
0.842 1.063 1.053 1.041 1.074 1.097 0.98 0.816 0.914 0.991 1.093 1.033 0.925 1.313 0.7 1.139
0.899 1.063 1.053 1.041 1.074 1.097 0.98 0.816 0.914 0.991 1.093 1.033 0.925 1.313 0.7 0.83
1.13 1.063 1.053 1.041 1.074 1.097 0.98 0.816 0.914 0.991 1.093 1.033 0.925 1.313 0.7 0.858
1.265 1.063 1.053 1.041 1.074 1.097 0.98 0.816 0.914 0.991 1.093 1.033 0.925 1.313 0.7 0.959
1.165 1.063 1.053 1.041 1.074 1.097 0.98 0.816 0.914 0.991 1.093 1.033 0.925 1.313 0.7 0.749
0.697 1.063 1.053 1.041 1.074 1.097 0.98 0.816 0.914 0.991 1.093 1.033 0.925 1.313 0.7 0.759
0.758 1.063 1.053 1.041 1.074 1.097 0.98 0.816 0.914 0.991 1.093 1.033 0.925 1.313 0.7 1.123
0.734 1.063 1.053 1.041 1.074 1.097 0.98 0.816 0.914 0.991 1.093 1.033 0.925 1.313 0.7 0.554
1.005 1.063 1.053 1.041 1.074 1.097 0.98 0.816 0.914 0.991 1.093 1.033 0.925 1.313 0.7 0.797
1.212 1.063 1.053 1.041 1.074 1.097 0.98 0.816 0.914 0.991 1.093 1.033 0.925 1.313 0.7 0.871
1.163 1.063 1.053 1.041 1.074 1.097 0.98 0.816 0.914 0.991 1.093 1.033 0.925 1.313 0.7 1.055
0.963 1.063 1.053 1.041 1.074 1.097 0.98 0.816 0.914 0.991 1.093 1.033 0.925 1.313 0.7 0.96
0.92 1.063 1.053 1.041 1.074 1.097 0.98 0.816 0.914 0.991 1.093 1.033 0.925 1.313 0.7 0.938
1.12 1.063 1.053 1.041 1.074 1.097 0.98 0.816 0.914 0.991 1.093 1.033 0.925 1.313 0.7 1.239
0.905 1.063 1.053 1.041 1.074 1.097 0.98 0.816 0.914 0.991 1.093 1.033 0.925 1.313 0.7 0.92
1.26 1.063 1.053 1.041 1.074 1.097 0.98 0.816 0.914 0.991 1.093 1.033 0.925 1.313 0.7 0.706
1.155 1.063 1.053 1.041 1.074 1.097 0.98 0.816 0.914 0.991 1.093 1.033 0.925 1.313 0.7 0.668
1.303 1.063 1.053 1.041 1.074 1.097 0.98 0.816 0.914 0.991 1.093 1.033 0.925 1.313 0.7 0.933
0.919 1.063 1.053 1.041 1.074 1.097 0.98 0.816 0.914 0.991 1.093 1.033 0.925 1.313 0.7 0.851
1.151 1.063 1.053 1.041 1.074 1.097 0.98 0.816 0.914 0.991 1.093 1.033 0.925 1.313 0.7 0.869
0.924 1.063 1.053 1.041 1.074 1.097 0.98 0.816 0.914 0.991 1.093 1.033 0.925 1.313 0.7 0.82
1.328 1.063 1.053 1.041 1.074 1.097 0.98 0.816 0.914 0.991 1.093 1.033 0.925 1.313 0.7 1.033
1.089 1.063 1.053 1.041 1.074 1.097 0.98 0.816 0.914 0.991 1.093 1.033 0.925 1.313 0.7 0.718
0.958 1.063 1.053 1.041 1.074 1.097 0.98 0.816 0.914 0.991 1.093 1.033 0.925 1.313 0.7 1.022
1.042 1.063 1.053 1.041 1.074 1.097 0.98 0.816 0.914 0.991 1.093 1.033 0.925 1.313 0.7 1.086
0.666 1.063 1.053 1.041 1.074 1.097 0.98 0.816 0.914 0.991 1.093 1.033 0.925 1.313 0.7 0.663
1.528 1.063 1.053 1.041 1.074 1.097 0.98 0.816 0.914 0.991 1.093 1.033 0.925 1.313 0.7 0.652
0.94 1.063 1.053 1.041 1.074 1.097 0.98 0.816 0.914 0.991 1.093 1.033 0.925 1.313 0.7 0.78
0.887 1.063 1.053 1.041 1.074 1.097 0.98 0.816 0.914 0.991 1.093 1.033 0.925 1.313 0.7 0.918
0.922 1.063 1.053 1.041 1.074 1.097 0.98 0.816 0.914 0.991 1.093 1.033 0.925 1.313 0.7 1.125
0.593 1.063 1.053 1.041 1.074 1.097 0.98 0.816 0.914 0.991 1.093 1.033 0.925 1.313 0.7 0.738
0.719 1.063 1.053 1.041 1.074 1.097 0.98 0.816 0.914 0.991 1.093 1.033 0.925 1.313 0.7 1.083
1.18 1.063 1.053 1.041 1.074 1.097 0.98 0.816 0.914 0.991 1.093 1.033 0.925 1.313 0.7 1.265
0.932 1.063 1.053 1.041 1.074 1.097 0.98 0.816 0.914 0.991 1.093 1.033 0.925 1.313 0.7 0.76
1.102 1.063 1.053 1.041 1.074 1.097 0.98 0.816 0.914 0.991 1.093 1.033 0.925 1.313 0.7 1.166
1.529 1.063 1.053 1.041 1.074 1.097 0.98 0.816 0.914 0.991 1.093 1.033 0.925 1.313 0.7 0.783
1.643 1.063 1.053 1.041 1.074 1.097 0.98 0.816 0.914 0.991 1.093 1.033 0.925 1.313 0.7 0.847
1.383 1.063 1.053 1.041 1.074 1.097 0.98 0.816 0.914 0.991 1.093 1.033 0.925 1.313 0.7 0.94
0.921 1.063 1.053 1.041 1.074 1.097 0.98 0.816 0.914 0.991 1.093 1.033 0.925 1.313 0.7 1.095
1.027 1.063 1.053 1.041 1.074 1.097 0.98 0.816 0.914 0.991 1.093 1.033 0.925 1.313 0.7 0.756
0.97 1.063 1.053 1.041 1.074 1.097 0.98 0.816 0.914 0.991 1.093 1.033 0.925 1.313 0.7 1.356
1.127 1.063 1.053 1.041 1.074 1.097 0.98 0.816 0.914 0.991 1.093 1.033 0.925 1.313 0.7 1.031
0.879 1.063 1.053 1.041 1.074 1.097 0.98 0.816 0.914 0.991 1.093 1.033 0.925 1.313 0.7 1.254
1.178 1.063 1.053 1.041 1.074 1.097 0.98 0.816 0.914 0.991 1.093 1.033 0.925 1.313 0.7 0.786
1.245 1.063 1.053 1.041 1.074 1.097 0.98 0.816 0.914 0.991 1.093 1.033 0.925 1.313 0.7 1.148
0.936 1.063 1.053 1.041 1.074 1.097 0.98 0.816 0.914 0.991 1.093 1.033 0.925 1.313 0.7 0.565
0.698 1.063 1.053 1.041 1.074 1.097 0.98 0.816 0.914 0.991 1.093 1.033 0.925 1.313 0.7 0.706
0.952 1.063 1.053 1.041 1.074 1.097 0.98 0.816 0.914 0.991 1.093 1.033 0.925 1.313 0.7 0.825
1.018 1.063 1.053 1.041 1.074 1.097 0.98 0.816 0.914 0.991 1.093 1.033 0.925 1.313 0.7 0.916
0.706 1.063 1.053 1.041 1.074 1.097 0.98 0.816 0.914 0.991 1.093 1.033 0.925 1.313 0.7 1.274
1.219 1.063 1.053 1.041 1.074 1.097 0.98 0.816 0.914 0.991 1.093 1.033 0.925 1.313 0.7 0.764
1.302 1.063 1.053 1.041 1.074 1.097 0.98 0.816 0.914 0.991 1.093 1.033 0.925 1.313 0.7 0.53
1.395 1.063 1.053 1.041 1.074 1.097 0.98 0.816 0.914 0.991 1.093 1.033 0.925 1.313 0.7 1.126
0.913 1.063 1.053 1.041 1.074 1.097 0.98 0.816 0.914 0.991 1.093 1.033 0.925 1.313 0.7 0.568
1.132 1.063 1.053 1.041 1.074 1.097 0.98 0.816 0.914 0.991 1.093 1.033 0.925 1.313 0.7 1.025
1.29 1.063 1.053 1.041 1.074 1.097 0.98 0.816 0.914 0.991 1.093 1.033 0.925 1.313 0.7 1.008
0.993 1.063 1.053 1.041 1.074 1.097 0.98 0.816 0.914 0.991 1.093 1.033 0.925 1.313 0.7 0.738
0.87 1.063 1.053 1.041 1.074 1.097 0.98 0.816 0.914 0.991 1.093 1.033 0.925 1.313 0.7 0.622
1.265 1.063 1.053 1.041 1.074 1.097 0.98 0.816 0.914 0.991 1.093 1.033 0.925 1.313 0.7 1.25
1.259 1.063 1.053 1.041 1.074 1.097 0.98 0.816 0.914 0.991 1.093 1.033 0.925 1.313 0.7 0.57
1.087 1.063 1.053 1.041 1.074 1.097 0.98 0.816 0.914 0.991 1.093 1.033 0.925 1.313 0.7 1.109
0.67 1.063 1.053 1.041 1.074 1.097 0.98 0.816 0.914 0.991 1.093 1.033 0.925 1.313 0.7 0.733
1.05 1.063 1.053 1.041 1.074 1.097 0.98 0.816 0.914 0.991 1.093 1.033 0.925 1.313 0.7 0.953
0.927 1.063 1.053 1.041 1.074 1.097 0.98 0.816 0.914 0.991 1.093 1.033 0.925 1.313 0.7 1.171
0.774 1.063 1.053 1.041 1.074 1.097 0.98 0.816 0.914 0.991 1.093 1.033 0.925 1.313 0.7 1.243
0.545 1.063 1.053 1.041 1.074 1.097 0.98 0.816 0.914 0.991 1.093 1.033 0.925 1.313 0.7 1.251
1.253 1.063 1.053 1.041 1.074 1.097 0.98 0.816 0.914 0.991 1.093 1.033 0.925 1.313 0.7 1.199
