1.075
0.958
0.976
1.091
0.982
1.091
1.061
1.081
0.965
1.051
0.997
0.993
1.032
0.969
1.010
1.064
0.971
1.032
1.078
1.031
0.983
1.096
1.029
1.054
1.029
1.017
1.015
1.103
0.989
1.104
0.981
1.125
0.975
1.121
1.025
0.981
1.013
1.094
1.052
0.960
1.100
1.084
1.025
1.088
0.998
1.043
1.033
1.041
1.012
0.965
1.058
1.022
1.039
0.975
1.048
1.042
0.985
1.073
1.088
0.961
1.045
1.017
1.042
1.080
1.075
1.005
1.017
0.995
1.063
0.957
0.990
1.122
0.983
0.972
1.045
1.025
1.035
1.038
1.085
1.046
1.071
1.076
0.970
1.055
1.062
1.088
1.124
1.029
1.004
1.096
1.091
1.004
1.047
1.006
1.038
0.971
1.035
1.000
1.088
0.978
1.027
0.984
1.033
1.120
0.962
1.057
1.082
1.074
1.097
1.036
1.011
1.038
0.999
1.072
1.100
1.067
1.010
0.968
0.978
1.005
1.027
1.004
1.011
1.020
0.993
0.979
0.982
1.040
1.113
1.035
1.095
0.977
0.986
1.102
1.025
1.055
1.018
1.034
1.015
1.092
1.083
1.048
1.065
1.039
1.064
1.020
1.042
1.006
1.028
1.083
1.056
1.018
1.008
0.996
1.088
1.011
1.087
1.006
1.026
0.975
1.021
1.110
1.029
1.061
1.062
0.972
1.028
0.976
1.014
1.083
0.987
1.109
1.029
1.061
1.040
1.049
1.096
1.098
0.976
1.082
1.073
1.027
1.080
0.970
0.999
1.032
1.001
1.033
1.099
1.072
1.003
1.036
0.989
0.968
1.103
1.019
1.105
1.030
0.983
1.079
0.984
0.965
1.027
1.019
1.103
1.037
1.127
1.056
1.012
1.091
0.996
1.077
1.039
1.025
1.039
0.957
0.958
0.985
1.041
1.087
1.024
1.124
1.046
0.975
1.040
0.982
1.014
0.964
1.036
1.026
0.972
1.060
0.954
1.034
1.092
1.097
1.119
0.960
1.064
1.040
1.042
1.009
0.997
1.092
1.025
1.018
1.080
1.000
0.974
1.047
1.036
1.052
1.077
1.081
0.985
1.090
1.031
1.008
1.063
1.015
1.021
1.048
1.071
1.034
1.007
0.998
1.010
1.010
1.052
1.052
1.002
1.056
1.067
0.986
0.974
1.008
1.068
1.023
1.010
1.049
1.056
0.959
1.073
1.011
1.022
1.009
0.976
0.963
1.030
1.065
1.111
1.005
1.060
0.981
1.075
1.064
1.028
1.058
1.068
1.040
1.021
1.049
1.040
1.054
1.075
1.026
0.998
1.033
0.972
1.072
0.985
1.065
1.009
1.058
1.101
1.039
1.032
0.975
1.030
1.123
1.094
1.092
1.037
1.038
1.105
0.971
1.071
1.025
1.042
1.050
0.972
1.069
0.994
1.058
1.057
1.097
1.011
1.030
1.120
1.122
0.978
0.955
0.969
1.061
1.082
1.070
1.105
1.033
0.983
1.122
0.962
1.035
1.004
0.966
0.973
1.008
1.052
1.042
0.996
1.059
0.991
1.061
0.968
1.070
1.113
1.042
1.087
1.098
0.960
1.020
1.038
1.030
0.981
1.008
0.993
1.122
1.029
0.975
1.025
1.110
1.108
1.127
1.020
1.073
1.063
1.018
1.027
1.037
1.084
1.033
0.995
1.034
1.099
1.029
0.992
0.994
1.100
1.040
1.048
1.044
1.020
0.986
1.086
1.078
1.018
1.072
1.089
1.043
1.071
1.039
1.025
0.971
1.054
1.094
1.030
1.028
0.996
1.028
1.019
1.079
0.983
0.966
1.045
1.043
0.980
1.038
1.092
1.054
1.000
0.962
0.996
0.963
1.085
1.005
0.961
0.976
1.047
1.026
1.051
1.030
1.101
1.007
1.059
1.066
1.016
0.996
1.091
1.094
0.965
1.017
0.982
1.065
1.024
1.043
0.980
1.020
1.009
1.082
1.049
1.102
1.012
0.964
1.032
1.081
0.980
1.041
1.040
0.966
0.978
1.052
1.066
1.067
1.006
0.987
1.101
1.031
1.052
1.099
0.964
1.074
0.967
1.099
0.998
1.053
1.064
1.051
1.009
1.054
1.009
1.055
1.082
1.049
1.069
1.087
1.092
1.016
1.036
1.087
1.030
1.076
1.031
0.983
1.105
1.077
1.050
1.120
1.067
1.011
1.078
1.000
1.021
1.003
1.001
0.972
0.971
1.029
1.065
1.103
0.967
0.984
1.075
1.063
1.064
1.100
1.045
0.969
0.961
1.109
1.075
1.058
1.012
0.983
0.981
1.011
1.054
1.063
1.034
0.988
1.029
1.043
1.079
1.074
1.005
1.057
1.027
1.008
1.054
1.044
1.098
1.078
1.065
1.095
1.057
1.008
1.046
0.998
1.016
1.097
1.034
1.026
0.990
1.085
1.097
1.014
0.982
1.059
1.032
1.025
1.109
1.009
1.076
1.112
1.052
1.032
0.959
1.061
1.000
1.083
1.074
1.036
1.063
1.005
1.003
1.031
0.985
1.065
1.078
0.975
1.016
1.050
1.005
1.033
1.098
1.001
0.961
1.018
1.108
0.997
1.001
0.967
1.100
1.029
1.059
1.059
1.033
0.992
1.103
0.989
1.032
1.023
1.074
0.990
1.118
1.041
1.040
1.008
1.086
1.051
1.029
1.031
1.005
0.978
1.023
1.075
0.967
1.049
0.984
1.109
1.027
1.038
1.014
1.045
1.018
0.969
1.005
1.008
1.082
1.095
1.048
1.046
1.045
0.993
1.032
1.010
0.988
0.997
1.026
1.091
1.013
0.963
1.107
1.067
1.108
1.046
1.051
1.039
1.069
1.082
1.004
1.023
1.059
1.050
0.955
1.086
1.007
0.995
0.982
1.012
0.982
1.004
0.977
1.016
0.987
1.040
1.022
1.036
1.084
1.072
1.041
1.044
1.017
1.009
1.042
1.064
1.060
0.979
0.984
1.012
0.994
1.007
0.961
0.978
1.021
1.003
1.020
1.061
1.063
1.026
1.076
1.054
1.007
1.096
1.048
1.014
1.018
0.982
0.999
1.103
0.993
1.064
0.970
1.032
1.015
1.045
1.128
1.075
1.061
1.094
0.971
0.992
1.046
1.021
0.960
0.975
1.094
1.059
1.063
1.000
1.013
1.058
1.075
1.067
1.086
1.076
1.077
1.028
1.100
0.967
1.124
1.008
1.074
0.976
0.988
1.004
1.010
1.046
1.043
1.025
1.032
1.065
1.032
0.967
1.080
1.004
0.989
1.052
1.032
1.031
0.983
1.081
1.051
0.984
0.969
1.050
1.072
1.005
0.961
1.079
0.973
1.037
1.080
1.082
1.042
1.108
1.026
1.022
1.014
1.021
1.016
0.973
1.015
1.050
1.064
0.987
1.005
1.020
1.044
1.045
1.072
1.029
1.044
1.069
0.970
0.999
1.093
1.028
1.058
1.010
0.987
1.004
0.979
0.987
1.088
1.001
1.000
0.958
1.010
1.098
1.067
1.062
1.095
1.055
0.978
1.041
1.090
1.036
1.080
1.099
1.035
1.064
1.104
0.973
1.000
0.994
1.056
0.998
1.086
1.049
1.060
1.103
1.089
0.956
1.064
1.021
1.084
1.029
1.068
1.038
1.078
1.082
1.061
1.032
1.086
1.052
1.081
1.018
0.987
0.965
0.991
1.082
1.007
1.017
0.986
1.012
1.043
1.033
1.026
1.046
1.089
1.097
0.982
1.076
1.059
1.067
1.001
1.022
0.963
0.973
0.997
0.961
1.081
1.053
1.099
1.079
1.118
1.060
0.999
1.057
0.960
0.998
1.028
1.050
1.005
0.988
1.027
0.997
0.962
1.058
0.966
1.123
0.959
1.035
1.012
1.056
1.030
1.024
1.020
1.048
1.008
1.055
0.965
1.078
1.079
1.103
1.033
1.079
1.011
0.974
1.005
0.957
1.051
0.981
0.987
0.965
1.055
1.023
1.092
1.006
1.046
0.963
1.057
1.057
1.052
1.123
1.028
1.020
1.053
0.987
1.019
0.997
1.002
0.982
0.958
1.047
1.084
1.057
0.992
1.041
1.020
1.011
1.097
1.048
0.993
1.005
0.995
1.047
0.979
0.994
1.063
1.072
1.002
1.048
1.034
1.020
0.955
1.082
1.024
1.060
1.068
1.093
1.041
1.024
0.970
1.055
0.989
0.953
1.101
0.966
1.057
1.046
1.010
1.031
1.033
1.042
0.979
0.968
1.059
0.960
1.108
1.062
1.049
0.987
1.023
1.047
1.107
1.072
1.096
1.073
1.000
0.986
1.089
0.993
1.096
0.956
1.051
1.041
1.051
0.976
1.077
1.002
